Taxon	1.49.1	1.203.2	2.55.2	2.55.1	2.26.1	1.155.2	2.52.2	1.49.2	2.52.1	1.506.2	1.97.1	1.7.1	1.68.1	1.97.2	1.511.2	1.121.2	2.510.2	2.503.1	2.510.1	1.153.2	2.503.2	2.79.2	1.68.2	1.506.1	1.7.2	1.72.1	2.79.1	2.157.2	1.511.1	1.121.1	1.153.1	2.504.1	2.26.2	2.25.2	2.199.1	2.504.2	2.25.1	2.76.1	2.76.2	1.72.2	2.45.1	1.203.1	2.45.2	1.155.1	2.199.2	1.507.1	1.507.2
k__Archaea; p__Euryarchaeota; c__Methanobacteria; o__Methanobacteriales; f__Methanobacteriaceae	0.0	0.0	0.0	0.0	0.0	0.00175	0.0	0.0	0.0	0.0	0.01675	0.0	0.0	0.00225	0.0	0.0	0.001	0.0	0.00175	0.0	0.0	0.00175	0.0	0.0	0.0	0.0	0.0015	0.0	0.0	0.0	0.0	0.0	0.0	0.0	0.0005	0.0	0.0	0.00025	0.0	0.00225	0.0	0.0	0.0	0.04725	0.00375	0.0	0.0
k__Bacteria; p__Actinobacteria; c__Actinobacteria; o__Actinomycetales; f__Actinomycetaceae	0.0	0.0	0.0	0.0	0.0	0.0	0.0	0.0	0.0	0.0	0.0	0.0	0.0	0.0	0.0	0.00025	0.0	0.0	0.0	0.0	0.0	0.00025	0.0	0.00025	0.0	0.0	0.0	0.0	0.0	0.0	0.0	0.0	0.0	0.0	0.0	0.0	0.0	0.0	0.0	0.00025	0.00025	0.003	0.0	0.00025	0.0	0.0	0.00025
k__Bacteria; p__Actinobacteria; c__Actinobacteria; o__Actinomycetales; f__Corynebacteriaceae	0.0	0.0	0.0	0.0	0.0	0.0	0.0	0.0	0.0	0.0	0.0	0.0	0.0	0.0	0.0	0.0	0.0	0.0	0.0	0.0	0.0	0.0	0.0	0.0	0.0	0.0	0.0	0.0	0.0	0.0	0.0	0.0	0.0	0.0	0.0	0.0	0.0	0.0	0.0	0.0	0.0	0.00025	0.0	0.0	0.0	0.0	0.0
k__Bacteria; p__Actinobacteria; c__Actinobacteria; o__Actinomycetales; f__Micrococcaceae	0.00025	0.0	0.0	0.0	0.0	0.0	0.0	0.0	0.0	0.0	0.0	0.0	0.0	0.0	0.0	0.0	0.0	0.0	0.0	0.0	0.0	0.0	0.0	0.0	0.0	0.0	0.0	0.0	0.0	0.00025	0.0	0.0	0.0	0.0	0.0	0.0	0.00025	0.0	0.0	0.0	0.0	0.0005	0.0	0.0	0.0	0.0	0.0
k__Bacteria; p__Actinobacteria; c__Actinobacteria; o__Actinomycetales; f__Streptomycetaceae	0.0	0.0	0.0	0.0	0.0	0.0	0.0	0.0	0.0	0.0	0.0	0.0	0.0	0.0	0.0	0.0	0.0	0.0	0.0	0.0	0.0	0.0	0.0	0.0	0.0	0.0	0.0	0.00025	0.0	0.0	0.0	0.0	0.0	0.0	0.0	0.0	0.0	0.0	0.0	0.0	0.0	0.0	0.0	0.0	0.0	0.0	0.0
k__Bacteria; p__Actinobacteria; c__Actinobacteria; o__Bifidobacteriales; f__Bifidobacteriaceae	0.0005	0.0025	0.004	0.01775	0.0175	0.0295	0.00475	0.004	0.01	0.0165	0.04975	0.0125	0.0	0.03725	0.00425	0.0375	0.003	0.013	0.05375	0.0155	0.0	0.00625	0.0	0.01825	0.0075	0.01	0.01425	0.0045	0.0005	0.01375	0.001	0.0005	0.0005	0.0025	0.0045	0.00025	0.10125	0.01175	0.00375	0.08	0.0	0.1095	0.00025	0.1405	0.1485	0.001	0.0015
k__Bacteria; p__Actinobacteria; c__Coriobacteriia; o__Coriobacteriales; f__Coriobacteriaceae	0.00075	0.0	0.0	0.0015	0.0055	0.0035	0.004	0.0055	0.0005	0.00225	0.007	0.013	0.0035	0.006	0.00875	0.00575	0.0	0.0015	0.00775	0.00075	0.00025	0.00175	0.0265	0.009	0.00075	0.001	0.00125	0.00025	0.0005	0.0015	0.00025	0.0	0.0	0.00075	0.0	0.00025	0.00625	0.0005	0.0	0.00175	0.0	0.02075	0.0	0.003	0.00225	0.0	0.00025
k__Bacteria; p__Bacteroidetes; c__Bacteroidia; o__Bacteroidales; f__	0.0	0.0	0.0	0.0	0.0	0.0	0.0	0.0	0.0	0.0	0.0	0.0	0.0	0.0	0.0	0.0	0.016	0.0	0.0	0.0	0.0	0.00125	0.0	0.0	0.0	0.0	0.00025	0.0	0.0	0.0	0.0	0.0	0.0	0.0	0.0	0.0	0.0	0.0	0.0	0.01575	0.0	0.0	0.0	0.0	0.0	0.0	0.00025
k__Bacteria; p__Bacteroidetes; c__Bacteroidia; o__Bacteroidales; f__Bacteroidaceae	0.33725	0.0005	0.42725	0.5165	0.03075	0.11475	0.079	0.41925	0.01225	0.6	0.0965	0.284	0.35275	0.02675	0.27425	0.025	0.047	0.35525	0.04525	0.55525	0.719	0.08225	0.16425	0.38425	0.55225	0.1585	0.16025	0.507	0.665	0.063	0.2675	0.7565	0.51425	0.5865	0.6595	0.38775	0.199	0.54625	0.6145	0.14875	0.00025	0.02125	0.00225	0.0235	0.08075	0.77125	0.663
k__Bacteria; p__Bacteroidetes; c__Bacteroidia; o__Bacteroidales; f__Porphyromonadaceae	0.04425	0.0	0.278	0.00925	0.00225	0.014	0.07275	0.026	0.24525	0.101	0.01075	0.027	0.11975	0.0	0.0035	0.00675	0.0375	0.0315	0.04525	0.039	0.03325	0.01	0.00975	0.045	0.01625	0.008	0.024	0.07025	0.0115	0.004	0.04825	0.08225	0.121	0.14575	0.03825	0.13775	0.01475	0.05575	0.12725	0.013	0.0	0.0005	0.0	0.01425	0.0015	0.00525	0.00675
k__Bacteria; p__Bacteroidetes; c__Bacteroidia; o__Bacteroidales; f__Prevotellaceae	0.0005	0.00025	0.0	0.0475	0.0065	0.0	0.0045	0.0	0.00025	0.00375	0.152	0.0	0.0	0.03925	0.00125	0.02875	0.29025	0.001	0.03225	0.0	0.00075	0.15525	0.03125	0.00125	0.00025	0.0	0.0905	0.0005	0.0	0.01875	0.00025	0.00025	0.0005	0.00025	0.00025	0.0	0.0085	0.0005	0.0015	0.0	0.0	0.00325	0.00025	0.0055	0.0025	0.00025	0.0005
k__Bacteria; p__Bacteroidetes; c__Bacteroidia; o__Bacteroidales; f__Rikenellaceae	0.00225	0.0	0.0	0.01975	0.0085	0.0095	0.0	0.02775	0.009	0.004	0.03775	0.02625	0.0	0.01075	0.1135	0.0	0.007	0.04825	0.00025	0.013	0.00025	0.025	0.00275	0.06125	0.039	0.008	0.0225	0.0875	0.04325	0.033	0.16125	0.01	0.01875	0.0705	0.0275	0.00525	0.037	0.03075	0.0485	0.00425	0.0	0.0025	0.00025	0.00975	0.004	0.012	0.01175
k__Bacteria; p__Bacteroidetes; c__Bacteroidia; o__Bacteroidales; f__S24-7	0.00325	0.0	0.0	0.0	0.0	0.003	0.0	0.016	0.0	0.0	0.0	0.0	0.0	0.0	0.01575	0.0	0.019	0.0	0.004	0.0	0.0	0.01275	0.00025	0.00025	0.0	0.0	0.0235	0.0	0.0	0.0	0.00225	0.0	0.0	0.0	0.0	0.0	0.0	0.0	0.0	0.005	0.0	0.0	0.0	0.0075	0.0	0.0	0.0
k__Bacteria; p__Bacteroidetes; c__Bacteroidia; o__Bacteroidales; f__[Barnesiellaceae]	0.041	0.0	0.0025	0.0025	0.00125	0.00025	0.0	0.013	0.0005	0.01	0.00775	0.008	0.0495	0.001	0.02875	0.0005	0.0045	0.0335	0.003	0.0255	0.0105	0.003	0.0295	0.02075	0.00175	0.00775	0.008	0.03675	0.01375	0.0005	0.056	0.008	0.06875	0.02225	0.007	0.009	0.005	0.0	0.00025	0.00725	0.0	0.00025	0.0	0.00675	0.00375	0.0005	0.0015
k__Bacteria; p__Bacteroidetes; c__Bacteroidia; o__Bacteroidales; f__[Odoribacteraceae]	0.001	0.0	0.0	0.0	0.001	0.00125	0.0	0.00875	0.00125	0.00425	0.00925	0.0085	0.0	0.00275	0.005	0.0	0.0055	0.0065	0.00075	0.00375	0.0	0.01325	0.0015	0.01925	0.00725	0.001	0.0045	0.02	0.00375	0.00075	0.14475	0.0005	0.00525	0.01975	0.01375	0.00175	0.005	0.00025	0.0	0.001	0.0	0.0015	0.0	0.00125	0.00025	0.0025	0.00275
k__Bacteria; p__Bacteroidetes; c__Bacteroidia; o__Bacteroidales; f__[Paraprevotellaceae]	0.0315	0.0	0.0	0.0	0.0	0.0085	0.0	0.01675	0.0	0.00025	0.00375	0.00625	0.01175	0.001	0.00125	0.0	0.06	0.0	0.01575	0.0	0.0	0.0065	0.0005	0.0	0.00375	0.0	0.033	0.0	0.011	0.0	0.00025	0.0	0.0	0.0	0.0285	0.00025	0.0105	0.0	0.0	0.0	0.0	0.00025	0.0	0.0	0.00225	0.0	0.0
k__Bacteria; p__Cyanobacteria; c__4C0d-2; o__YS2; f__	0.00325	0.0	0.0	0.0	0.0	0.0	0.0	0.00225	0.0	0.0	0.0	0.00025	0.0	0.032	0.0	0.0	0.0	0.0	0.0	0.0	0.0	0.0	0.0	0.0	0.0	0.0	0.0	0.0	0.0	0.0	0.01125	0.0	0.0	0.0	0.0	0.0	0.0	0.00075	0.0	0.0	0.0	0.0	0.0	0.0	0.0	0.0	0.0
k__Bacteria; p__Cyanobacteria; c__Chloroplast; o__Streptophyta; f__	0.00125	0.00025	0.0	0.0	0.00025	0.0	0.0	0.0	0.0	0.0	0.0	0.0	0.0	0.0	0.0	0.0	0.0	0.00025	0.0	0.0	0.0	0.0	0.0005	0.00025	0.0	0.00025	0.0	0.0	0.0	0.0	0.0	0.0	0.0	0.0	0.0	0.0	0.0	0.0	0.00025	0.00025	0.00025	0.001	0.0	0.0	0.0005	0.0	0.0
k__Bacteria; p__Firmicutes; c__Bacilli; o__Bacillales; f__Bacillaceae	0.0	0.0	0.0	0.0	0.0	0.0	0.0	0.0	0.0	0.0	0.0	0.0	0.0	0.0	0.0	0.0	0.0	0.0	0.0	0.0	0.0	0.0	0.0	0.0	0.0	0.0	0.0	0.0	0.0	0.0	0.0	0.0	0.0	0.0	0.0	0.0	0.00025	0.0	0.0	0.0	0.00025	0.0005	0.00025	0.0	0.0	0.0	0.0
k__Bacteria; p__Firmicutes; c__Bacilli; o__Bacillales; f__Staphylococcaceae	0.0	0.00125	0.0	0.0	0.00275	0.001	0.001	0.0	0.0015	0.00025	0.0	0.0	0.0	0.0005	0.0	0.001	0.00025	0.00075	0.0	0.00125	0.0005	0.0005	0.00225	0.0	0.00025	0.0	0.0005	0.0005	0.0	0.00075	0.00025	0.0	0.0	0.00075	0.00025	0.00075	0.001	0.0	0.0	0.00075	0.0	0.00575	0.001	0.00125	0.00175	0.0005	0.00025
k__Bacteria; p__Firmicutes; c__Bacilli; o__Gemellales; f__Gemellaceae	0.0	0.0	0.0	0.0	0.0	0.0	0.0	0.0	0.0	0.0	0.0	0.0	0.0	0.0	0.0	0.0	0.0	0.00025	0.0	0.0	0.0	0.00025	0.00025	0.0	0.0	0.0	0.0	0.0	0.00025	0.00025	0.0	0.0	0.0	0.0	0.0	0.0	0.00025	0.0	0.0	0.0	0.0	0.00025	0.0	0.0	0.0	0.0	0.0
k__Bacteria; p__Firmicutes; c__Bacilli; o__Lactobacillales; f__	0.0	0.00025	0.0	0.0	0.0	0.0	0.00025	0.0	0.0	0.0	0.0	0.0	0.0	0.0	0.00025	0.0005	0.0	0.0	0.0	0.0	0.0	0.0	0.0	0.0	0.0	0.0	0.0	0.0	0.0	0.0	0.0	0.0	0.0	0.0	0.0	0.0	0.0	0.0	0.0	0.0	0.0	0.0	0.0	0.0	0.0	0.00025	0.00025
k__Bacteria; p__Firmicutes; c__Bacilli; o__Lactobacillales; f__Aerococcaceae	0.0	0.0	0.0	0.0	0.0	0.0	0.0	0.0	0.0	0.0	0.0	0.0	0.0	0.0	0.0	0.0	0.0	0.0	0.0	0.0	0.0	0.0	0.0	0.0	0.0	0.0	0.0	0.0	0.0	0.0	0.0	0.0	0.0	0.0	0.0	0.0	0.0	0.0	0.0	0.0	0.00025	0.0005	0.0	0.0	0.0	0.0	0.0
k__Bacteria; p__Firmicutes; c__Bacilli; o__Lactobacillales; f__Carnobacteriaceae	0.00075	0.0	0.0	0.0	0.0	0.0	0.0	0.0	0.00025	0.0	0.00025	0.0	0.0	0.0	0.0	0.0005	0.0	0.0	0.0	0.0	0.0	0.0	0.001	0.00025	0.0	0.0	0.0	0.0	0.0	0.0	0.00025	0.0	0.0	0.0	0.0	0.0	0.00025	0.0	0.00025	0.0	0.00025	0.0005	0.0	0.0	0.0	0.00025	0.0005
k__Bacteria; p__Firmicutes; c__Bacilli; o__Lactobacillales; f__Enterococcaceae	0.0	0.0765	0.0	0.0	0.0	0.0	0.0	0.0	0.0	0.0	0.00675	0.0	0.0135	0.0	0.0	0.0	0.0	0.0	0.00025	0.0	0.0	0.0	0.0	0.0	0.0	0.0	0.0	0.0	0.0	0.0	0.0	0.0	0.0	0.0	0.0	0.0005	0.0	0.0	0.0	0.0	0.0	0.0	0.00275	0.0	0.0	0.00125	0.0045
k__Bacteria; p__Firmicutes; c__Bacilli; o__Lactobacillales; f__Lactobacillaceae	0.0	0.0	0.00025	0.01375	0.00025	0.0	0.00075	0.0	0.0	0.0	0.00075	0.0	0.0	0.0	0.00025	0.001	0.0	0.00025	0.0	0.0	0.0	0.0	0.0025	0.00025	0.0	0.0	0.0	0.0	0.0	0.00025	0.0	0.0	0.0	0.0	0.0	0.0	0.0	0.0	0.001	0.0	0.0	0.012	0.003	0.0	0.0	0.0	0.0
k__Bacteria; p__Firmicutes; c__Bacilli; o__Lactobacillales; f__Leuconostocaceae	0.0	0.0	0.0	0.0	0.0	0.0	0.0	0.0	0.0	0.0	0.0	0.0	0.0	0.0	0.0	0.0	0.0	0.0	0.0	0.0	0.0	0.0	0.0	0.0	0.0	0.0	0.0	0.0	0.0	0.0	0.0	0.0	0.0	0.00025	0.0	0.0	0.0	0.0	0.0	0.0	0.00025	0.00025	0.0	0.0	0.0	0.0	0.0
k__Bacteria; p__Firmicutes; c__Bacilli; o__Lactobacillales; f__Streptococcaceae	0.002	0.01025	0.0	0.001	0.0015	0.00075	0.01175	0.00025	0.00025	0.0035	0.00675	0.00275	0.00075	0.0045	0.00675	0.00675	0.001	0.00525	0.00025	0.00225	0.00025	0.00925	0.00875	0.001	0.003	0.00075	0.0	0.00025	0.00025	0.01275	0.00025	0.0	0.0	0.0005	0.00025	0.0	0.0065	0.00225	0.00075	0.00075	0.0285	0.06475	0.14775	0.0005	0.0005	0.0005	0.002
k__Bacteria; p__Firmicutes; c__Bacilli; o__Turicibacterales; f__Turicibacteraceae	0.0	0.0	0.0	0.00025	0.0	0.0	0.0	0.00025	0.0	0.0005	0.0	0.0	0.0	0.0	0.00025	0.0	0.00025	0.0	0.0	0.0	0.0	0.0005	0.0	0.00025	0.0	0.00175	0.0	0.0	0.0	0.0	0.0	0.0	0.0	0.0	0.0	0.0	0.0	0.0	0.0	0.0	0.0	0.0	0.0	0.0	0.0	0.0	0.0
k__Bacteria; p__Firmicutes; c__Clostridia; o__; f__	0.0	0.0	0.0	0.0	0.0	0.0	0.0	0.0	0.0	0.0	0.0	0.0	0.0	0.0	0.0	0.0	0.0	0.0	0.0	0.0	0.0	0.0	0.0	0.0	0.0	0.0	0.0	0.0	0.0	0.0	0.00025	0.0	0.0	0.0	0.0	0.0	0.0	0.0	0.0	0.0	0.0	0.0	0.0	0.0	0.0	0.0	0.0
k__Bacteria; p__Firmicutes; c__Clostridia; o__Clostridiales; f__	0.0235	0.001	0.001	0.03175	0.1415	0.021	0.01075	0.041	0.1535	0.0055	0.03375	0.08625	0.0075	0.10175	0.1685	0.044	0.0335	0.09925	0.04725	0.005	0.0035	0.068	0.08125	0.0435	0.00925	0.067	0.01825	0.00625	0.02975	0.1395	0.04675	0.00575	0.0025	0.00675	0.012	0.0035	0.21175	0.0085	0.0045	0.0925	0.0	0.53925	0.02725	0.29725	0.00475	0.006	0.00525
k__Bacteria; p__Firmicutes; c__Clostridia; o__Clostridiales; f__Christensenellaceae	0.0	0.0	0.0	0.0	0.0015	0.00025	0.0	0.00025	0.0	0.00025	0.0065	0.13875	0.00025	0.00175	0.0075	0.0005	0.00475	0.00225	0.00375	0.0	0.0	0.0015	0.00475	0.0025	0.00275	0.00025	0.00175	0.0005	0.0	0.001	0.00175	0.0	0.0	0.0	0.0	0.0	0.00175	0.0	0.00025	0.0015	0.0	0.00525	0.0	0.00025	0.0	0.0	0.00025
k__Bacteria; p__Firmicutes; c__Clostridia; o__Clostridiales; f__Clostridiaceae	0.00025	0.024	0.0	0.001	0.00575	0.027	0.0	0.0065	0.0	0.00125	0.0015	0.00425	0.00025	0.00625	0.01325	0.001	0.00475	0.01325	0.00275	0.00075	0.00025	0.02475	0.02975	0.002	0.005	0.01375	0.025	0.00125	0.00425	0.0055	0.0015	0.0	0.0	0.00075	0.0005	0.0	0.00225	0.002	0.00075	0.0025	0.0	0.0005	0.041	0.001	0.00025	0.0	0.0
k__Bacteria; p__Firmicutes; c__Clostridia; o__Clostridiales; f__Dehalobacteriaceae	0.0	0.0	0.0	0.0	0.0	0.0	0.0	0.0	0.0	0.0	0.00075	0.00075	0.0	0.00025	0.00075	0.0	0.0	0.0	0.0	0.0	0.0	0.00025	0.0	0.0	0.00025	0.0	0.0	0.0	0.0	0.0005	0.0	0.0	0.0	0.0	0.0	0.0	0.0	0.0	0.0	0.00025	0.0	0.0	0.0	0.0	0.0	0.0	0.0
k__Bacteria; p__Firmicutes; c__Clostridia; o__Clostridiales; f__Eubacteriaceae	0.0	0.0	0.0	0.0	0.0	0.0	0.0	0.0	0.0	0.0	0.00025	0.00025	0.00025	0.00075	0.0	0.0	0.0	0.0005	0.0	0.0	0.0	0.0	0.00325	0.0	0.00125	0.0	0.0	0.0	0.0	0.00025	0.0	0.0	0.0	0.0	0.00025	0.0	0.00025	0.0	0.0	0.00025	0.0	0.0	0.00075	0.0	0.0005	0.0	0.0
k__Bacteria; p__Firmicutes; c__Clostridia; o__Clostridiales; f__Lachnospiraceae	0.2055	0.00175	0.034	0.04275	0.11	0.1445	0.127	0.10675	0.0475	0.05675	0.0875	0.0475	0.0715	0.259	0.0195	0.2115	0.041	0.06825	0.049	0.08525	0.0225	0.1195	0.23175	0.069	0.0385	0.1645	0.082	0.02975	0.05525	0.17275	0.0295	0.013	0.05125	0.0305	0.011	0.023	0.13	0.0345	0.07125	0.0865	0.0	0.07475	0.4085	0.01225	0.093	0.02075	0.03075
k__Bacteria; p__Firmicutes; c__Clostridia; o__Clostridiales; f__Peptococcaceae	0.0	0.0	0.0	0.0	0.0	0.0	0.0	0.0	0.0	0.0	0.0	0.0	0.0	0.0	0.0	0.0	0.00025	0.0	0.0	0.0	0.0	0.0	0.0	0.0	0.0	0.0	0.0	0.0	0.0	0.00025	0.0	0.0	0.0	0.0	0.0	0.0	0.0	0.0	0.0	0.00025	0.0	0.0	0.0	0.0	0.0	0.0	0.0
k__Bacteria; p__Firmicutes; c__Clostridia; o__Clostridiales; f__Peptostreptococcaceae	0.0	0.00025	0.0	0.00125	0.0005	0.0025	0.00925	0.0035	0.0	0.0025	0.00225	0.00075	0.002	0.0035	0.0005	0.0	0.0015	0.00275	0.00025	0.0	0.0005	0.0085	0.00025	0.00125	0.00025	0.0065	0.0	0.00125	0.00025	0.002	0.0	0.00025	0.0	0.0	0.00025	0.00025	0.00025	0.0	0.0015	0.001	0.0	0.0005	0.023	0.0	0.00025	0.0	0.00075
k__Bacteria; p__Firmicutes; c__Clostridia; o__Clostridiales; f__Ruminococcaceae	0.05575	0.005	0.066	0.1915	0.51775	0.48125	0.124	0.25825	0.45275	0.15425	0.28175	0.2235	0.10375	0.34525	0.22075	0.18625	0.30775	0.1815	0.11775	0.0495	0.05125	0.26975	0.2275	0.2065	0.1385	0.45025	0.287	0.15825	0.131	0.4445	0.11675	0.11	0.15525	0.07975	0.06275	0.1135	0.149	0.055	0.051	0.48675	0.00025	0.0545	0.087	0.0235	0.074	0.0175	0.0235
k__Bacteria; p__Firmicutes; c__Clostridia; o__Clostridiales; f__Veillonellaceae	0.021	0.00425	0.0355	0.05875	0.02875	0.05775	0.09775	0.0095	0.00375	0.0	0.03225	0.02225	0.055	0.016	0.004	0.035	0.042	0.07275	0.017	0.06425	0.0805	0.082	0.02125	0.01025	0.04675	0.0125	0.032	0.0265	0.0025	0.028	0.0415	0.00125	0.04775	0.00025	0.0015	0.1145	0.02425	0.11425	0.00875	0.0175	0.00175	0.01875	0.0255	0.008	0.0165	0.01275	0.0195
k__Bacteria; p__Firmicutes; c__Clostridia; o__Clostridiales; f__[Mogibacteriaceae]	0.0	0.0	0.0	0.0	0.0015	0.0025	0.0	0.00075	0.0	0.00125	0.00075	0.00025	0.0	0.00225	0.00025	0.0	0.00025	0.00075	0.00075	0.00125	0.0	0.00375	0.001	0.00025	0.0005	0.00125	0.001	0.0	0.0005	0.00175	0.0015	0.0	0.0	0.0	0.0	0.0	0.001	0.0	0.0	0.0035	0.0	0.00075	0.0	0.00075	0.0	0.0	0.0
k__Bacteria; p__Firmicutes; c__Clostridia; o__Clostridiales; f__[Tissierellaceae]	0.0	0.0	0.0	0.0	0.0	0.0	0.0	0.0	0.0	0.00075	0.0	0.0	0.0	0.0	0.0	0.0	0.0	0.00025	0.0	0.0	0.0	0.0005	0.0	0.00025	0.0	0.0	0.0	0.0	0.0	0.0	0.00025	0.0	0.0	0.0	0.0	0.0	0.0	0.0	0.00025	0.00025	0.0	0.00025	0.0	0.0015	0.0	0.0	0.0
k__Bacteria; p__Firmicutes; c__Clostridia; o__SHA-98; f__	0.0	0.0	0.0	0.0	0.0	0.0	0.0	0.00025	0.0	0.0	0.0	0.00025	0.0	0.0	0.00075	0.0	0.0	0.0	0.0	0.0	0.0	0.0	0.0	0.0	0.0	0.0	0.0	0.0	0.0	0.0	0.0	0.0	0.0	0.0	0.0	0.0	0.0	0.0	0.0	0.0	0.0	0.0	0.0	0.0	0.0	0.0	0.0
k__Bacteria; p__Firmicutes; c__Erysipelotrichi; o__Erysipelotrichales; f__Erysipelotrichaceae	0.0255	0.00025	0.008	0.00325	0.02	0.00475	0.02425	0.0055	0.004	0.00125	0.08925	0.0095	0.0115	0.02525	0.00425	0.01025	0.00925	0.00375	0.0575	0.01125	0.0005	0.01425	0.07375	0.004	0.013	0.01125	0.017	0.001	0.00425	0.02475	0.002	0.0015	0.0005	0.00075	0.003	0.002	0.07625	0.0015	0.0095	0.023	0.0	0.013	0.158	0.003	0.00425	0.00275	0.00425
k__Bacteria; p__Fusobacteria; c__Fusobacteriia; o__Fusobacteriales; f__Fusobacteriaceae	0.0	0.0	0.0	0.0	0.0	0.0	0.0	0.0	0.0	0.0	0.0	0.0	0.0	0.0	0.0	0.0	0.0	0.0	0.0	0.0	0.0	0.0	0.0	0.0	0.0	0.0	0.0	0.0	0.0	0.0	0.00025	0.0	0.0	0.0	0.0	0.0	0.0	0.0	0.0	0.0	0.0	0.0	0.0	0.0	0.0	0.0	0.0
k__Bacteria; p__Lentisphaerae; c__[Lentisphaeria]; o__Victivallales; f__Victivallaceae	0.0	0.0	0.0	0.0	0.0	0.0	0.0	0.0	0.0	0.0	0.0	0.0	0.0	0.0	0.0	0.0	0.007	0.0	0.00025	0.0	0.0	0.0	0.0	0.0	0.00025	0.0	0.00025	0.0025	0.0	0.0	0.0	0.0	0.0	0.0005	0.0	0.0	0.0	0.0	0.0	0.0	0.0	0.0	0.0	0.0	0.0	0.0	0.0
k__Bacteria; p__Proteobacteria; c__Alphaproteobacteria; o__; f__	0.0	0.0	0.0	0.0	0.0	0.0	0.0	0.0	0.0	0.0	0.0	0.0	0.0	0.0	0.0	0.0	0.0	0.0	0.0	0.0	0.0	0.00475	0.0	0.0	0.0	0.0	0.0	0.0	0.0	0.0	0.0	0.0	0.0	0.0	0.0	0.0	0.0	0.0	0.0	0.0	0.0	0.0	0.0	0.0	0.0	0.0	0.0
k__Bacteria; p__Proteobacteria; c__Alphaproteobacteria; o__RF32; f__	0.0	0.0	0.0	0.0	0.00175	0.00475	0.0	0.00025	0.00025	0.0	0.0	0.00225	0.0	0.0	0.005	0.0	0.0	0.0	0.0	0.0	0.0	0.00025	0.0	0.0045	0.0	0.0	0.0	0.0	0.0055	0.0	0.0095	0.0	0.0	0.0	0.0	0.0	0.0	0.001	0.0	0.0	0.0	0.0	0.0	0.001	0.0	0.0	0.0
k__Bacteria; p__Proteobacteria; c__Alphaproteobacteria; o__Rhizobiales; f__Phyllobacteriaceae	0.0	0.0	0.0	0.0	0.0	0.0	0.0	0.0	0.0	0.0	0.0	0.0	0.0	0.0	0.0	0.0	0.0	0.0	0.0	0.0	0.0	0.0	0.0	0.0	0.0	0.0	0.0	0.0	0.0	0.0	0.0	0.0	0.0	0.0	0.0	0.0	0.0	0.0	0.0	0.0	0.0	0.00025	0.0	0.0	0.0	0.0	0.0
k__Bacteria; p__Proteobacteria; c__Alphaproteobacteria; o__Rickettsiales; f__mitochondria	0.00025	0.0	0.0	0.0	0.0	0.0	0.0	0.0	0.0	0.0	0.0	0.0	0.0	0.0	0.0	0.0	0.0	0.00025	0.0	0.0	0.0	0.0	0.00025	0.0	0.0	0.0	0.0	0.0	0.0	0.0	0.0	0.0	0.0	0.0	0.0	0.0	0.0	0.0	0.0	0.0	0.0	0.0	0.0	0.0	0.0	0.0	0.0
k__Bacteria; p__Proteobacteria; c__Betaproteobacteria; o__Burkholderiales; f__Alcaligenaceae	0.0155	0.0	0.01325	0.00525	0.0	0.00025	0.001	0.01225	0.03775	0.001	0.001	0.00725	0.0085	0.001	0.02875	0.0005	0.0085	0.004	0.00325	0.01225	0.0	0.004	0.00725	0.016	0.011	0.0	0.00375	0.00825	0.00675	0.0005	0.01725	0.0	0.00325	0.008	0.0075	0.0	0.0005	0.004	0.02725	0.00025	0.0	0.0005	0.0	0.00025	0.01225	0.01025	0.018
k__Bacteria; p__Proteobacteria; c__Betaproteobacteria; o__Burkholderiales; f__Burkholderiaceae	0.0	0.0	0.0	0.0	0.0	0.0	0.0	0.0	0.0	0.0	0.0	0.0	0.0	0.0	0.0	0.0	0.0	0.0	0.0	0.0	0.0	0.0	0.0	0.0	0.0	0.0	0.0	0.0	0.0	0.0	0.0	0.0	0.0	0.0	0.0	0.0	0.0	0.0	0.0	0.0	0.0	0.0	0.0	0.0	0.00025	0.0	0.0
k__Bacteria; p__Proteobacteria; c__Betaproteobacteria; o__Burkholderiales; f__Oxalobacteraceae	0.00025	0.0	0.0	0.0	0.0	0.003	0.0	0.001	0.0	0.0	0.0	0.00125	0.0	0.0	0.0	0.0	0.0	0.0	0.0	0.00075	0.0	0.0	0.0	0.0	0.00025	0.0	0.0	0.0005	0.0	0.00025	0.0005	0.0	0.0	0.0	0.0	0.0	0.0	0.0	0.0	0.0	0.0	0.0	0.0	0.0	0.0	0.0	0.0
k__Bacteria; p__Proteobacteria; c__Betaproteobacteria; o__Neisseriales; f__Neisseriaceae	0.0	0.0	0.0	0.0	0.0	0.0	0.0	0.0	0.0	0.0	0.0	0.0	0.0	0.0	0.0	0.0	0.0	0.0	0.0	0.0	0.0	0.0	0.0	0.0	0.0	0.0	0.0	0.0	0.0	0.0	0.0	0.0	0.0	0.0	0.0	0.0	0.0	0.0	0.0005	0.0	0.0	0.0	0.0	0.0	0.0	0.0	0.0
k__Bacteria; p__Proteobacteria; c__Deltaproteobacteria; o__Desulfovibrionales; f__Desulfovibrionaceae	0.003	0.0	0.0	0.0	0.0	0.0005	0.0	0.002	0.0	0.0005	0.00075	0.00775	0.0005	0.00025	0.001	0.0005	0.00575	0.00225	0.0015	0.00125	0.0	0.0	0.0005	0.005	0.0045	0.0	0.00125	0.00025	0.00025	0.0	0.0055	0.00175	0.0	0.00125	0.001	0.0005	0.0	0.0	0.00025	0.0	0.0	0.00025	0.0	0.00075	0.00025	0.00325	0.004
k__Bacteria; p__Proteobacteria; c__Epsilonproteobacteria; o__Campylobacterales; f__Campylobacteraceae	0.0	0.0	0.0	0.0	0.00025	0.0	0.0	0.0	0.0	0.0	0.0	0.0	0.0	0.0	0.0	0.0	0.0	0.00025	0.0	0.0	0.0	0.0005	0.0	0.0	0.0	0.0	0.0	0.0	0.0	0.0	0.0005	0.0	0.00025	0.0	0.0	0.0	0.0	0.0	0.0	0.0	0.0	0.0	0.0	0.0	0.0	0.0	0.0
k__Bacteria; p__Proteobacteria; c__Gammaproteobacteria; o__Aeromonadales; f__Succinivibrionaceae	0.0	0.0	0.0	0.0	0.0	0.0	0.0	0.0	0.0	0.0	0.00025	0.0	0.0	0.0	0.0	0.0	0.0	0.0	0.0	0.0	0.0	0.0	0.0	0.0	0.0	0.0	0.0	0.0	0.0	0.0	0.0	0.0	0.0	0.0	0.0	0.0	0.0	0.0	0.0	0.0	0.0	0.00025	0.0	0.0	0.0	0.0	0.0
k__Bacteria; p__Proteobacteria; c__Gammaproteobacteria; o__Enterobacteriales; f__Enterobacteriaceae	0.17825	0.871	0.1295	0.0315	0.01925	0.0485	0.42225	0.0065	0.0185	0.02675	0.003	0.001	0.18725	0.00075	0.0015	0.38625	0.0245	0.01575	0.47225	0.1115	0.07475	0.002	0.03025	0.01475	0.0015	0.00125	0.01225	0.0355	0.00125	0.017	0.0255	0.00825	0.00775	0.021	0.06575	0.1975	0.00575	0.02575	0.01025	0.00175	0.9675	0.0285	0.068	0.3715	0.506	0.131	0.1975
k__Bacteria; p__Proteobacteria; c__Gammaproteobacteria; o__Pasteurellales; f__Pasteurellaceae	0.0	0.0	0.00025	0.0025	0.0	0.0065	0.0005	0.0	0.0005	0.0005	0.0	0.0	0.0	0.0	0.001	0.0	0.0025	0.0	0.00025	0.0	0.0	0.001	0.0	0.00025	0.0	0.00075	0.0	0.0	0.0	0.00025	0.0005	0.0	0.0	0.0	0.0	0.0	0.0	0.00425	0.01575	0.00025	0.0	0.00175	0.0015	0.0	0.0	0.0	0.0
k__Bacteria; p__Proteobacteria; c__Gammaproteobacteria; o__Pseudomonadales; f__Moraxellaceae	0.0005	0.0005	0.0	0.0	0.00025	0.00025	0.00025	0.0	0.0	0.0	0.0	0.0	0.0	0.0	0.0	0.00025	0.0	0.00025	0.00025	0.00025	0.0005	0.00025	0.00075	0.0	0.0	0.00025	0.0005	0.0	0.00025	0.0	0.0	0.00025	0.0	0.00025	0.0	0.00025	0.0	0.0	0.00025	0.0	0.00025	0.00275	0.00125	0.00125	0.00125	0.00025	0.0
k__Bacteria; p__Proteobacteria; c__Gammaproteobacteria; o__Pseudomonadales; f__Pseudomonadaceae	0.0	0.0	0.0	0.0	0.0	0.0	0.0	0.0	0.0	0.0	0.0	0.0	0.0	0.0	0.0	0.0	0.0	0.0	0.0	0.0	0.0	0.0005	0.0	0.0	0.0	0.0	0.0	0.0	0.0	0.0	0.0	0.0	0.0	0.0	0.0	0.0	0.0	0.0	0.0	0.0	0.0	0.0	0.0	0.0	0.0	0.0	0.0
k__Bacteria; p__Proteobacteria; c__Gammaproteobacteria; o__Vibrionales; f__Vibrionaceae	0.0005	0.00025	0.0005	0.0	0.00025	0.00025	0.00425	0.0	0.0	0.00075	0.0	0.0	0.00025	0.0	0.00025	0.00425	0.0	0.0005	0.0055	0.00025	0.00075	0.0	0.00075	0.00025	0.0	0.0	0.0	0.0	0.0	0.0	0.0	0.0	0.0	0.0005	0.0005	0.001	0.00025	0.00025	0.0	0.0	0.0	0.00025	0.0005	0.003	0.004	0.0	0.00025
k__Bacteria; p__Synergistetes; c__Synergistia; o__Synergistales; f__Dethiosulfovibrionaceae	0.0	0.0	0.0	0.0	0.0	0.0	0.0	0.0	0.0	0.0	0.0	0.0	0.0	0.0	0.0	0.0	0.0	0.0005	0.0	0.0	0.0	0.00025	0.0005	0.00075	0.0	0.0	0.0	0.0	0.0	0.00025	0.0	0.0	0.0	0.0	0.0	0.0	0.0	0.0	0.0	0.0	0.0	0.0	0.0	0.0	0.0	0.0	0.0
k__Bacteria; p__TM7; c__; o__; f__	0.0	0.0	0.0	0.0	0.0	0.0	0.0	0.0	0.0	0.0	0.0	0.0	0.0	0.0	0.0	0.0	0.0	0.0	0.0	0.0	0.0	0.0	0.0	0.0	0.0	0.0	0.0	0.0	0.0	0.0	0.00125	0.0	0.0	0.0	0.0	0.0	0.0	0.0	0.0	0.0	0.0	0.00025	0.0	0.0	0.0	0.0	0.0
k__Bacteria; p__TM7; c__TM7-3; o__; f__	0.0	0.0	0.0	0.00025	0.00025	0.0	0.0	0.0	0.0	0.0	0.0	0.0	0.0	0.00025	0.00025	0.0	0.0	0.0	0.00025	0.0	0.0	0.00025	0.00025	0.0	0.0	0.0	0.0	0.0	0.0	0.00025	0.0	0.0	0.0	0.0	0.0	0.0	0.0005	0.0	0.0	0.00025	0.0	0.0005	0.0	0.0	0.0	0.0	0.0
k__Bacteria; p__TM7; c__TM7-3; o__CW040; f__	0.0	0.0	0.0	0.0	0.0	0.0	0.0	0.0	0.0	0.0	0.0	0.0	0.0	0.0	0.0	0.0	0.0	0.0	0.0	0.0	0.0	0.0	0.0	0.0	0.0	0.0	0.0	0.0	0.0	0.0	0.0	0.0	0.0	0.0	0.0	0.0	0.0005	0.0	0.0	0.0	0.0	0.0	0.0	0.0	0.0	0.0	0.0
k__Bacteria; p__Tenericutes; c__Mollicutes; o__Anaeroplasmatales; f__Anaeroplasmataceae	0.0	0.0	0.0	0.0	0.0	0.0	0.0	0.0	0.0	0.0	0.00025	0.0	0.0	0.0	0.0	0.0	0.0	0.0	0.0	0.0	0.0	0.0	0.0005	0.0	0.0	0.0	0.0	0.0	0.0	0.0	0.0	0.0	0.0	0.0	0.0535	0.00025	0.0	0.0	0.0	0.0	0.0	0.0	0.0	0.0	0.02925	0.0	0.0
k__Bacteria; p__Tenericutes; c__Mollicutes; o__RF39; f__	0.0	0.0	0.0	0.0	0.004	0.0	0.0	0.00025	0.0	0.0	0.0	0.0	0.0	0.0	0.00725	0.0	0.0	0.012	0.0	0.0	0.0	0.01175	0.0	0.0005	0.0	0.0	0.002	0.0	0.0	0.00075	0.00325	0.0	0.0	0.0	0.0	0.0	0.0	0.0	0.0	0.0	0.0	0.0005	0.0	0.0	0.0	0.0	0.0
k__Bacteria; p__Tenericutes; c__RF3; o__ML615J-28; f__	0.0	0.0	0.0	0.0	0.002	0.0	0.0	0.0	0.0	0.0	0.0	0.01525	0.0	0.0	0.00275	0.0	0.00075	0.0	0.00075	0.0	0.0	0.00475	0.0	0.0	0.0	0.0	0.00025	0.0	0.0	0.00025	0.0005	0.0	0.0	0.0	0.0	0.00025	0.0	0.0	0.0	0.0	0.0	0.0	0.0	0.0	0.0	0.0	0.0
k__Bacteria; p__Verrucomicrobia; c__Verrucomicrobiae; o__Verrucomicrobiales; f__Verrucomicrobiaceae	0.0005	0.0	0.0	0.0005	0.06675	0.00675	0.0	0.00575	0.0005	0.0005	0.0525	0.0425	0.0	0.07175	0.0485	0.0055	0.01375	0.02175	0.0095	0.00025	0.00025	0.04725	0.003	0.057	0.0945	0.0735	0.13175	0.0005	0.0085	0.01025	0.0	0.0	0.0025	0.0	0.00025	0.0	0.0	0.1	0.0	0.00075	0.0	0.00775	0.0	0.0135	0.001	0.0	0.0
