Taxon	1.49.1	1.203.2	2.55.2	2.55.1	2.26.1	1.155.2	2.52.2	1.49.2	2.52.1	1.506.2	1.97.1	1.7.1	1.68.1	1.97.2	1.511.2	1.121.2	2.510.2	2.503.1	2.510.1	1.153.2	2.503.2	2.79.2	1.68.2	1.506.1	1.7.2	1.72.1	2.79.1	2.157.2	1.511.1	1.121.1	1.153.1	2.504.1	2.26.2	2.25.2	2.199.1	2.504.2	2.25.1	2.76.1	2.76.2	1.72.2	2.45.1	1.203.1	2.45.2	1.155.1	2.199.2	1.507.1	1.507.2
k__Archaea; p__Euryarchaeota; c__Methanobacteria; o__Methanobacteriales; f__Methanobacteriaceae; g__Methanobrevibacter	0.0	0.0	0.0	0.0	0.0	0.00175	0.0	0.0	0.0	0.0	0.0165	0.0	0.0	0.00225	0.0	0.0	0.001	0.0	0.00175	0.0	0.0	0.00175	0.0	0.0	0.0	0.0	0.0015	0.0	0.0	0.0	0.0	0.0	0.0	0.0	0.0005	0.0	0.0	0.00025	0.0	0.00225	0.0	0.0	0.0	0.04725	0.00375	0.0	0.0
k__Archaea; p__Euryarchaeota; c__Methanobacteria; o__Methanobacteriales; f__Methanobacteriaceae; g__Methanosphaera	0.0	0.0	0.0	0.0	0.0	0.0	0.0	0.0	0.0	0.0	0.00025	0.0	0.0	0.0	0.0	0.0	0.0	0.0	0.0	0.0	0.0	0.0	0.0	0.0	0.0	0.0	0.0	0.0	0.0	0.0	0.0	0.0	0.0	0.0	0.0	0.0	0.0	0.0	0.0	0.0	0.0	0.0	0.0	0.0	0.0	0.0	0.0
k__Bacteria; p__Actinobacteria; c__Actinobacteria; o__Actinomycetales; f__Actinomycetaceae; g__Actinomyces	0.0	0.0	0.0	0.0	0.0	0.0	0.0	0.0	0.0	0.0	0.0	0.0	0.0	0.0	0.0	0.00025	0.0	0.0	0.0	0.0	0.0	0.00025	0.0	0.00025	0.0	0.0	0.0	0.0	0.0	0.0	0.0	0.0	0.0	0.0	0.0	0.0	0.0	0.0	0.0	0.00025	0.00025	0.003	0.0	0.0	0.0	0.0	0.00025
k__Bacteria; p__Actinobacteria; c__Actinobacteria; o__Actinomycetales; f__Actinomycetaceae; g__Mobiluncus	0.0	0.0	0.0	0.0	0.0	0.0	0.0	0.0	0.0	0.0	0.0	0.0	0.0	0.0	0.0	0.0	0.0	0.0	0.0	0.0	0.0	0.0	0.0	0.0	0.0	0.0	0.0	0.0	0.0	0.0	0.0	0.0	0.0	0.0	0.0	0.0	0.0	0.0	0.0	0.0	0.0	0.0	0.0	0.00025	0.0	0.0	0.0
k__Bacteria; p__Actinobacteria; c__Actinobacteria; o__Actinomycetales; f__Corynebacteriaceae; g__Corynebacterium	0.0	0.0	0.0	0.0	0.0	0.0	0.0	0.0	0.0	0.0	0.0	0.0	0.0	0.0	0.0	0.0	0.0	0.0	0.0	0.0	0.0	0.0	0.0	0.0	0.0	0.0	0.0	0.0	0.0	0.0	0.0	0.0	0.0	0.0	0.0	0.0	0.0	0.0	0.0	0.0	0.0	0.00025	0.0	0.0	0.0	0.0	0.0
k__Bacteria; p__Actinobacteria; c__Actinobacteria; o__Actinomycetales; f__Micrococcaceae; g__Rothia	0.00025	0.0	0.0	0.0	0.0	0.0	0.0	0.0	0.0	0.0	0.0	0.0	0.0	0.0	0.0	0.0	0.0	0.0	0.0	0.0	0.0	0.0	0.0	0.0	0.0	0.0	0.0	0.0	0.0	0.00025	0.0	0.0	0.0	0.0	0.0	0.0	0.00025	0.0	0.0	0.0	0.0	0.0005	0.0	0.0	0.0	0.0	0.0
k__Bacteria; p__Actinobacteria; c__Actinobacteria; o__Actinomycetales; f__Streptomycetaceae; g__Streptomyces	0.0	0.0	0.0	0.0	0.0	0.0	0.0	0.0	0.0	0.0	0.0	0.0	0.0	0.0	0.0	0.0	0.0	0.0	0.0	0.0	0.0	0.0	0.0	0.0	0.0	0.0	0.0	0.00025	0.0	0.0	0.0	0.0	0.0	0.0	0.0	0.0	0.0	0.0	0.0	0.0	0.0	0.0	0.0	0.0	0.0	0.0	0.0
k__Bacteria; p__Actinobacteria; c__Actinobacteria; o__Bifidobacteriales; f__Bifidobacteriaceae; g__Bifidobacterium	0.0005	0.0025	0.004	0.01775	0.0175	0.0295	0.00475	0.004	0.01	0.0165	0.04975	0.0125	0.0	0.03725	0.00425	0.0375	0.003	0.013	0.05375	0.0155	0.0	0.00625	0.0	0.01825	0.0075	0.01	0.01425	0.0045	0.0005	0.01375	0.001	0.0005	0.0005	0.0025	0.0045	0.00025	0.10125	0.01175	0.00375	0.08	0.0	0.1095	0.00025	0.1405	0.1485	0.001	0.0015
k__Bacteria; p__Actinobacteria; c__Coriobacteriia; o__Coriobacteriales; f__Coriobacteriaceae; g__	0.0	0.0	0.0	0.00025	0.001	0.0015	0.004	0.0015	0.0	0.0	0.002	0.00025	0.00175	0.00575	0.00125	0.0	0.0	0.001	0.0005	0.0	0.0	0.00025	0.0235	0.0	0.0005	0.0	0.00025	0.0	0.0	0.0	0.0	0.0	0.0	0.0	0.0	0.0	0.001	0.0005	0.0	0.0015	0.0	0.00325	0.0	0.00025	0.001	0.0	0.0
k__Bacteria; p__Actinobacteria; c__Coriobacteriia; o__Coriobacteriales; f__Coriobacteriaceae; g__Adlercreutzia	0.0	0.0	0.0	0.0	0.0	0.0	0.0	0.0	0.0	0.0	0.0	0.0	0.0	0.0	0.0	0.0	0.0	0.0	0.0	0.0	0.0	0.00025	0.0	0.00025	0.0	0.0	0.0	0.0	0.0	0.00025	0.0	0.0	0.0	0.0	0.0	0.0	0.00025	0.0	0.0	0.0	0.0	0.0	0.0	0.00025	0.0	0.0	0.0
k__Bacteria; p__Actinobacteria; c__Coriobacteriia; o__Coriobacteriales; f__Coriobacteriaceae; g__Collinsella	0.0005	0.0	0.0	0.00125	0.00275	0.002	0.0	0.0035	0.0005	0.002	0.00475	0.0125	0.00025	0.0	0.00725	0.00425	0.0	0.0	0.007	0.0005	0.00025	0.0005	0.0005	0.00875	0.00025	0.001	0.00025	0.00025	0.0005	0.00125	0.00025	0.0	0.0	0.0005	0.0	0.00025	0.005	0.0	0.0	0.00025	0.0	0.0175	0.0	0.0025	0.00075	0.0	0.0
k__Bacteria; p__Actinobacteria; c__Coriobacteriia; o__Coriobacteriales; f__Coriobacteriaceae; g__Eggerthella	0.00025	0.0	0.0	0.0	0.00025	0.0	0.0	0.00025	0.0	0.00025	0.00025	0.00025	0.0015	0.00025	0.0	0.00025	0.0	0.0005	0.0	0.00025	0.0	0.00025	0.00075	0.0	0.0	0.0	0.00025	0.0	0.0	0.0	0.0	0.0	0.0	0.00025	0.0	0.0	0.0	0.0	0.0	0.0	0.0	0.0	0.0	0.0	0.0005	0.0	0.00025
k__Bacteria; p__Actinobacteria; c__Coriobacteriia; o__Coriobacteriales; f__Coriobacteriaceae; g__Slackia	0.0	0.0	0.0	0.0	0.0015	0.0	0.0	0.00025	0.0	0.0	0.0	0.0	0.0	0.0	0.00025	0.00125	0.0	0.0	0.00025	0.0	0.0	0.0005	0.00175	0.0	0.0	0.0	0.0005	0.0	0.0	0.0	0.0	0.0	0.0	0.0	0.0	0.0	0.0	0.0	0.0	0.0	0.0	0.0	0.0	0.0	0.0	0.0	0.0
k__Bacteria; p__Bacteroidetes; c__Bacteroidia; o__Bacteroidales; f__; g__	0.0	0.0	0.0	0.0	0.0	0.0	0.0	0.0	0.0	0.0	0.0	0.0	0.0	0.0	0.0	0.0	0.016	0.0	0.0	0.0	0.0	0.00125	0.0	0.0	0.0	0.0	0.00025	0.0	0.0	0.0	0.0	0.0	0.0	0.0	0.0	0.0	0.0	0.0	0.0	0.01575	0.0	0.0	0.0	0.0	0.0	0.0	0.00025
k__Bacteria; p__Bacteroidetes; c__Bacteroidia; o__Bacteroidales; f__Bacteroidaceae; g__Bacteroides	0.33725	0.0005	0.42725	0.5165	0.03075	0.11475	0.079	0.41925	0.01225	0.6	0.0965	0.284	0.35275	0.02675	0.27425	0.025	0.047	0.35525	0.04525	0.55525	0.719	0.08225	0.16425	0.38425	0.55225	0.1585	0.16025	0.507	0.665	0.063	0.2675	0.7565	0.51425	0.5865	0.6595	0.38775	0.199	0.54625	0.6145	0.14875	0.00025	0.02125	0.00225	0.0235	0.08075	0.77125	0.663
k__Bacteria; p__Bacteroidetes; c__Bacteroidia; o__Bacteroidales; f__Porphyromonadaceae; g__Parabacteroides	0.04425	0.0	0.278	0.00925	0.00225	0.014	0.07275	0.026	0.24525	0.10075	0.01025	0.027	0.11975	0.0	0.0035	0.00675	0.0375	0.0315	0.04525	0.039	0.03325	0.00975	0.00975	0.045	0.01625	0.008	0.024	0.07	0.0115	0.004	0.04825	0.08225	0.121	0.14575	0.03825	0.13775	0.01475	0.05575	0.12725	0.013	0.0	0.0005	0.0	0.01425	0.001	0.00525	0.00675
k__Bacteria; p__Bacteroidetes; c__Bacteroidia; o__Bacteroidales; f__Porphyromonadaceae; g__Porphyromonas	0.0	0.0	0.0	0.0	0.0	0.0	0.0	0.0	0.0	0.00025	0.0005	0.0	0.0	0.0	0.0	0.0	0.0	0.0	0.0	0.0	0.0	0.00025	0.0	0.0	0.0	0.0	0.0	0.00025	0.0	0.0	0.0	0.0	0.0	0.0	0.0	0.0	0.0	0.0	0.0	0.0	0.0	0.0	0.0	0.0	0.0005	0.0	0.0
k__Bacteria; p__Bacteroidetes; c__Bacteroidia; o__Bacteroidales; f__Prevotellaceae; g__Prevotella	0.0005	0.00025	0.0	0.0475	0.0065	0.0	0.0045	0.0	0.00025	0.00375	0.152	0.0	0.0	0.03925	0.00125	0.02875	0.29025	0.001	0.03225	0.0	0.00075	0.15525	0.03125	0.00125	0.00025	0.0	0.0905	0.0005	0.0	0.01875	0.00025	0.00025	0.0005	0.00025	0.00025	0.0	0.0085	0.0005	0.0015	0.0	0.0	0.00325	0.00025	0.0055	0.0025	0.00025	0.0005
k__Bacteria; p__Bacteroidetes; c__Bacteroidia; o__Bacteroidales; f__Rikenellaceae; g__	0.00225	0.0	0.0	0.01975	0.0085	0.0095	0.0	0.02775	0.009	0.004	0.03775	0.02625	0.0	0.01075	0.1135	0.0	0.007	0.04825	0.00025	0.013	0.00025	0.025	0.00275	0.06125	0.039	0.008	0.0225	0.0875	0.04325	0.033	0.16125	0.01	0.01875	0.0705	0.0275	0.00525	0.037	0.03075	0.0485	0.00425	0.0	0.0025	0.00025	0.00975	0.004	0.012	0.01175
k__Bacteria; p__Bacteroidetes; c__Bacteroidia; o__Bacteroidales; f__S24-7; g__	0.00325	0.0	0.0	0.0	0.0	0.003	0.0	0.016	0.0	0.0	0.0	0.0	0.0	0.0	0.01575	0.0	0.019	0.0	0.004	0.0	0.0	0.01275	0.00025	0.00025	0.0	0.0	0.0235	0.0	0.0	0.0	0.00225	0.0	0.0	0.0	0.0	0.0	0.0	0.0	0.0	0.005	0.0	0.0	0.0	0.0075	0.0	0.0	0.0
k__Bacteria; p__Bacteroidetes; c__Bacteroidia; o__Bacteroidales; f__[Barnesiellaceae]; g__	0.041	0.0	0.0025	0.0025	0.00125	0.00025	0.0	0.013	0.0005	0.01	0.00775	0.008	0.0495	0.001	0.02875	0.0005	0.0045	0.0335	0.003	0.0255	0.0105	0.003	0.0295	0.02075	0.00175	0.00775	0.008	0.03675	0.01375	0.0005	0.056	0.008	0.06875	0.02225	0.007	0.009	0.005	0.0	0.00025	0.00725	0.0	0.00025	0.0	0.00675	0.00375	0.0005	0.0015
k__Bacteria; p__Bacteroidetes; c__Bacteroidia; o__Bacteroidales; f__[Odoribacteraceae]; g__Butyricimonas	0.001	0.0	0.0	0.0	0.0	0.00025	0.0	0.003	0.00075	0.0015	0.00025	0.00375	0.0	0.0	0.00075	0.0	0.00025	0.0	0.00025	0.00075	0.0	0.00025	0.0	0.0145	0.003	0.0005	0.00025	0.00325	0.0	0.00025	0.005	0.0005	0.002	0.0175	0.002	0.00175	0.00375	0.0	0.0	0.0005	0.0	0.0	0.0	0.0	0.0	0.00225	0.00275
k__Bacteria; p__Bacteroidetes; c__Bacteroidia; o__Bacteroidales; f__[Odoribacteraceae]; g__Odoribacter	0.0	0.0	0.0	0.0	0.001	0.001	0.0	0.00575	0.0005	0.00275	0.009	0.00475	0.0	0.00275	0.00425	0.0	0.00525	0.0065	0.0005	0.003	0.0	0.013	0.0015	0.00475	0.00425	0.0005	0.00425	0.01675	0.00375	0.0005	0.13975	0.0	0.00325	0.00225	0.01175	0.0	0.00125	0.00025	0.0	0.0005	0.0	0.0015	0.0	0.00125	0.00025	0.00025	0.0
k__Bacteria; p__Bacteroidetes; c__Bacteroidia; o__Bacteroidales; f__[Paraprevotellaceae]; g__	0.0	0.0	0.0	0.0	0.0	0.0	0.0	0.0	0.0	0.0	0.0	0.0	0.0	0.0	0.0	0.0	0.0025	0.0	0.001	0.0	0.0	0.0	0.0	0.0	0.0	0.0	0.0	0.0	0.0	0.0	0.0	0.0	0.0	0.0	0.0	0.0	0.0	0.0	0.0	0.0	0.0	0.0	0.0	0.0	0.0	0.0	0.0
k__Bacteria; p__Bacteroidetes; c__Bacteroidia; o__Bacteroidales; f__[Paraprevotellaceae]; g__Paraprevotella	0.0315	0.0	0.0	0.0	0.0	0.0085	0.0	0.01675	0.0	0.0	0.0	0.00625	0.01175	0.0	0.00125	0.0	0.01775	0.0	0.00275	0.0	0.0	0.0065	0.0005	0.0	0.00375	0.0	0.033	0.0	0.011	0.0	0.0	0.0	0.0	0.0	0.0285	0.00025	0.0	0.0	0.0	0.0	0.0	0.00025	0.0	0.0	0.00225	0.0	0.0
k__Bacteria; p__Bacteroidetes; c__Bacteroidia; o__Bacteroidales; f__[Paraprevotellaceae]; g__[Prevotella]	0.0	0.0	0.0	0.0	0.0	0.0	0.0	0.0	0.0	0.00025	0.00375	0.0	0.0	0.001	0.0	0.0	0.03975	0.0	0.012	0.0	0.0	0.0	0.0	0.0	0.0	0.0	0.0	0.0	0.0	0.0	0.00025	0.0	0.0	0.0	0.0	0.0	0.0105	0.0	0.0	0.0	0.0	0.0	0.0	0.0	0.0	0.0	0.0
k__Bacteria; p__Cyanobacteria; c__4C0d-2; o__YS2; f__; g__	0.00325	0.0	0.0	0.0	0.0	0.0	0.0	0.00225	0.0	0.0	0.0	0.00025	0.0	0.032	0.0	0.0	0.0	0.0	0.0	0.0	0.0	0.0	0.0	0.0	0.0	0.0	0.0	0.0	0.0	0.0	0.01125	0.0	0.0	0.0	0.0	0.0	0.0	0.00075	0.0	0.0	0.0	0.0	0.0	0.0	0.0	0.0	0.0
k__Bacteria; p__Cyanobacteria; c__Chloroplast; o__Streptophyta; f__; g__	0.00125	0.00025	0.0	0.0	0.00025	0.0	0.0	0.0	0.0	0.0	0.0	0.0	0.0	0.0	0.0	0.0	0.0	0.00025	0.0	0.0	0.0	0.0	0.0005	0.00025	0.0	0.00025	0.0	0.0	0.0	0.0	0.0	0.0	0.0	0.0	0.0	0.0	0.0	0.0	0.00025	0.00025	0.00025	0.001	0.0	0.0	0.0005	0.0	0.0
k__Bacteria; p__Firmicutes; c__Bacilli; o__Bacillales; f__Bacillaceae; g__	0.0	0.0	0.0	0.0	0.0	0.0	0.0	0.0	0.0	0.0	0.0	0.0	0.0	0.0	0.0	0.0	0.0	0.0	0.0	0.0	0.0	0.0	0.0	0.0	0.0	0.0	0.0	0.0	0.0	0.0	0.0	0.0	0.0	0.0	0.0	0.0	0.00025	0.0	0.0	0.0	0.00025	0.0	0.0	0.0	0.0	0.0	0.0
k__Bacteria; p__Firmicutes; c__Bacilli; o__Bacillales; f__Bacillaceae; g__Bacillus	0.0	0.0	0.0	0.0	0.0	0.0	0.0	0.0	0.0	0.0	0.0	0.0	0.0	0.0	0.0	0.0	0.0	0.0	0.0	0.0	0.0	0.0	0.0	0.0	0.0	0.0	0.0	0.0	0.0	0.0	0.0	0.0	0.0	0.0	0.0	0.0	0.0	0.0	0.0	0.0	0.0	0.0005	0.00025	0.0	0.0	0.0	0.0
k__Bacteria; p__Firmicutes; c__Bacilli; o__Bacillales; f__Staphylococcaceae; g__Staphylococcus	0.0	0.00125	0.0	0.0	0.00275	0.001	0.001	0.0	0.0015	0.00025	0.0	0.0	0.0	0.0005	0.0	0.001	0.00025	0.00075	0.0	0.00125	0.0005	0.0005	0.00225	0.0	0.00025	0.0	0.0005	0.0005	0.0	0.00075	0.00025	0.0	0.0	0.00075	0.00025	0.00075	0.001	0.0	0.0	0.00075	0.0	0.00575	0.001	0.00125	0.00175	0.0005	0.00025
k__Bacteria; p__Firmicutes; c__Bacilli; o__Gemellales; f__Gemellaceae; g__	0.0	0.0	0.0	0.0	0.0	0.0	0.0	0.0	0.0	0.0	0.0	0.0	0.0	0.0	0.0	0.0	0.0	0.0	0.0	0.0	0.0	0.0	0.0	0.0	0.0	0.0	0.0	0.0	0.0	0.0	0.0	0.0	0.0	0.0	0.0	0.0	0.0	0.0	0.0	0.0	0.0	0.00025	0.0	0.0	0.0	0.0	0.0
k__Bacteria; p__Firmicutes; c__Bacilli; o__Gemellales; f__Gemellaceae; g__Gemella	0.0	0.0	0.0	0.0	0.0	0.0	0.0	0.0	0.0	0.0	0.0	0.0	0.0	0.0	0.0	0.0	0.0	0.00025	0.0	0.0	0.0	0.00025	0.00025	0.0	0.0	0.0	0.0	0.0	0.00025	0.00025	0.0	0.0	0.0	0.0	0.0	0.0	0.00025	0.0	0.0	0.0	0.0	0.0	0.0	0.0	0.0	0.0	0.0
k__Bacteria; p__Firmicutes; c__Bacilli; o__Lactobacillales; f__; g__	0.0	0.00025	0.0	0.0	0.0	0.0	0.00025	0.0	0.0	0.0	0.0	0.0	0.0	0.0	0.00025	0.0005	0.0	0.0	0.0	0.0	0.0	0.0	0.0	0.0	0.0	0.0	0.0	0.0	0.0	0.0	0.0	0.0	0.0	0.0	0.0	0.0	0.0	0.0	0.0	0.0	0.0	0.0	0.0	0.0	0.0	0.00025	0.00025
k__Bacteria; p__Firmicutes; c__Bacilli; o__Lactobacillales; f__Aerococcaceae; g__	0.0	0.0	0.0	0.0	0.0	0.0	0.0	0.0	0.0	0.0	0.0	0.0	0.0	0.0	0.0	0.0	0.0	0.0	0.0	0.0	0.0	0.0	0.0	0.0	0.0	0.0	0.0	0.0	0.0	0.0	0.0	0.0	0.0	0.0	0.0	0.0	0.0	0.0	0.0	0.0	0.00025	0.0005	0.0	0.0	0.0	0.0	0.0
k__Bacteria; p__Firmicutes; c__Bacilli; o__Lactobacillales; f__Carnobacteriaceae; g__Carnobacterium	0.0	0.0	0.0	0.0	0.0	0.0	0.0	0.0	0.0	0.0	0.0	0.0	0.0	0.0	0.0	0.0	0.0	0.0	0.0	0.0	0.0	0.0	0.0	0.0	0.0	0.0	0.0	0.0	0.0	0.0	0.00025	0.0	0.0	0.0	0.0	0.0	0.0	0.0	0.0	0.0	0.0	0.0005	0.0	0.0	0.0	0.0	0.0
k__Bacteria; p__Firmicutes; c__Bacilli; o__Lactobacillales; f__Carnobacteriaceae; g__Granulicatella	0.00075	0.0	0.0	0.0	0.0	0.0	0.0	0.0	0.00025	0.0	0.00025	0.0	0.0	0.0	0.0	0.0005	0.0	0.0	0.0	0.0	0.0	0.0	0.001	0.00025	0.0	0.0	0.0	0.0	0.0	0.0	0.0	0.0	0.0	0.0	0.0	0.0	0.00025	0.0	0.00025	0.0	0.00025	0.0	0.0	0.0	0.0	0.00025	0.0005
k__Bacteria; p__Firmicutes; c__Bacilli; o__Lactobacillales; f__Enterococcaceae; g__	0.0	0.0005	0.0	0.0	0.0	0.0	0.0	0.0	0.0	0.0	0.00075	0.0	0.00125	0.0	0.0	0.0	0.0	0.0	0.0	0.0	0.0	0.0	0.0	0.0	0.0	0.0	0.0	0.0	0.0	0.0	0.0	0.0	0.0	0.0	0.0	0.0	0.0	0.0	0.0	0.0	0.0	0.0	0.0	0.0	0.0	0.0	0.0
k__Bacteria; p__Firmicutes; c__Bacilli; o__Lactobacillales; f__Enterococcaceae; g__Enterococcus	0.0	0.076	0.0	0.0	0.0	0.0	0.0	0.0	0.0	0.0	0.006	0.0	0.01225	0.0	0.0	0.0	0.0	0.0	0.00025	0.0	0.0	0.0	0.0	0.0	0.0	0.0	0.0	0.0	0.0	0.0	0.0	0.0	0.0	0.0	0.0	0.0005	0.0	0.0	0.0	0.0	0.0	0.0	0.00275	0.0	0.0	0.00125	0.0045
k__Bacteria; p__Firmicutes; c__Bacilli; o__Lactobacillales; f__Lactobacillaceae; g__	0.0	0.0	0.00025	0.0	0.0	0.0	0.0	0.0	0.0	0.0	0.00025	0.0	0.0	0.0	0.0	0.0	0.0	0.0	0.0	0.0	0.0	0.0	0.0	0.0	0.0	0.0	0.0	0.0	0.0	0.0	0.0	0.0	0.0	0.0	0.0	0.0	0.0	0.0	0.0	0.0	0.0	0.0	0.00025	0.0	0.0	0.0	0.0
k__Bacteria; p__Firmicutes; c__Bacilli; o__Lactobacillales; f__Lactobacillaceae; g__Lactobacillus	0.0	0.0	0.0	0.01375	0.00025	0.0	0.00075	0.0	0.0	0.0	0.0005	0.0	0.0	0.0	0.00025	0.001	0.0	0.00025	0.0	0.0	0.0	0.0	0.0025	0.00025	0.0	0.0	0.0	0.0	0.0	0.00025	0.0	0.0	0.0	0.0	0.0	0.0	0.0	0.0	0.0	0.0	0.0	0.012	0.00275	0.0	0.0	0.0	0.0
k__Bacteria; p__Firmicutes; c__Bacilli; o__Lactobacillales; f__Lactobacillaceae; g__Pediococcus	0.0	0.0	0.0	0.0	0.0	0.0	0.0	0.0	0.0	0.0	0.0	0.0	0.0	0.0	0.0	0.0	0.0	0.0	0.0	0.0	0.0	0.0	0.0	0.0	0.0	0.0	0.0	0.0	0.0	0.0	0.0	0.0	0.0	0.0	0.0	0.0	0.0	0.0	0.001	0.0	0.0	0.0	0.0	0.0	0.0	0.0	0.0
k__Bacteria; p__Firmicutes; c__Bacilli; o__Lactobacillales; f__Leuconostocaceae; g__Leuconostoc	0.0	0.0	0.0	0.0	0.0	0.0	0.0	0.0	0.0	0.0	0.0	0.0	0.0	0.0	0.0	0.0	0.0	0.0	0.0	0.0	0.0	0.0	0.0	0.0	0.0	0.0	0.0	0.0	0.0	0.0	0.0	0.0	0.0	0.00025	0.0	0.0	0.0	0.0	0.0	0.0	0.00025	0.00025	0.0	0.0	0.0	0.0	0.0
k__Bacteria; p__Firmicutes; c__Bacilli; o__Lactobacillales; f__Streptococcaceae; g__Lactococcus	0.0	0.00075	0.0	0.0	0.0	0.0	0.00025	0.0	0.0	0.0025	0.00025	0.0	0.0	0.00075	0.0	0.00025	0.0	0.00125	0.0	0.00175	0.0	0.0	0.0045	0.0	0.0	0.0	0.0	0.0	0.0	0.002	0.0	0.0	0.0	0.0	0.0	0.0	0.00025	0.0	0.0	0.0	0.0015	0.03925	0.0	0.0	0.00025	0.0	0.0
k__Bacteria; p__Firmicutes; c__Bacilli; o__Lactobacillales; f__Streptococcaceae; g__Streptococcus	0.002	0.0095	0.0	0.001	0.0015	0.00075	0.0115	0.00025	0.00025	0.001	0.0065	0.00275	0.00075	0.00375	0.00675	0.0065	0.001	0.004	0.00025	0.0005	0.00025	0.00925	0.00425	0.001	0.003	0.00075	0.0	0.00025	0.00025	0.01075	0.00025	0.0	0.0	0.0005	0.00025	0.0	0.00625	0.00225	0.00075	0.00075	0.027	0.0255	0.14775	0.0005	0.00025	0.0005	0.002
k__Bacteria; p__Firmicutes; c__Bacilli; o__Turicibacterales; f__Turicibacteraceae; g__Turicibacter	0.0	0.0	0.0	0.00025	0.0	0.0	0.0	0.00025	0.0	0.0005	0.0	0.0	0.0	0.0	0.00025	0.0	0.00025	0.0	0.0	0.0	0.0	0.0005	0.0	0.00025	0.0	0.00175	0.0	0.0	0.0	0.0	0.0	0.0	0.0	0.0	0.0	0.0	0.0	0.0	0.0	0.0	0.0	0.0	0.0	0.0	0.0	0.0	0.0
k__Bacteria; p__Firmicutes; c__Clostridia; o__; f__; g__	0.0	0.0	0.0	0.0	0.0	0.0	0.0	0.0	0.0	0.0	0.0	0.0	0.0	0.0	0.0	0.0	0.0	0.0	0.0	0.0	0.0	0.0	0.0	0.0	0.0	0.0	0.0	0.0	0.0	0.0	0.00025	0.0	0.0	0.0	0.0	0.0	0.0	0.0	0.0	0.0	0.0	0.0	0.0	0.0	0.0	0.0	0.0
k__Bacteria; p__Firmicutes; c__Clostridia; o__Clostridiales; f__; g__	0.0235	0.001	0.001	0.03175	0.1415	0.021	0.01075	0.041	0.1535	0.0055	0.03375	0.08625	0.0075	0.10175	0.1685	0.044	0.0335	0.09925	0.04725	0.005	0.0035	0.068	0.08125	0.0435	0.00925	0.067	0.01825	0.00625	0.02975	0.1395	0.04675	0.00575	0.0025	0.00675	0.012	0.0035	0.21175	0.0085	0.0045	0.0925	0.0	0.53925	0.02725	0.29725	0.00475	0.006	0.00525
k__Bacteria; p__Firmicutes; c__Clostridia; o__Clostridiales; f__Christensenellaceae; g__	0.0	0.0	0.0	0.0	0.00125	0.00025	0.0	0.00025	0.0	0.00025	0.0065	0.13875	0.00025	0.00125	0.0075	0.0	0.00475	0.002	0.00375	0.0	0.0	0.00125	0.00475	0.0025	0.00275	0.0	0.0015	0.0005	0.0	0.001	0.00175	0.0	0.0	0.0	0.0	0.0	0.00175	0.0	0.0	0.00125	0.0	0.00525	0.0	0.00025	0.0	0.0	0.0
k__Bacteria; p__Firmicutes; c__Clostridia; o__Clostridiales; f__Christensenellaceae; g__Christensenella	0.0	0.0	0.0	0.0	0.00025	0.0	0.0	0.0	0.0	0.0	0.0	0.0	0.0	0.0005	0.0	0.0005	0.0	0.00025	0.0	0.0	0.0	0.00025	0.0	0.0	0.0	0.00025	0.00025	0.0	0.0	0.0	0.0	0.0	0.0	0.0	0.0	0.0	0.0	0.0	0.00025	0.00025	0.0	0.0	0.0	0.0	0.0	0.0	0.00025
k__Bacteria; p__Firmicutes; c__Clostridia; o__Clostridiales; f__Clostridiaceae; g__	0.00025	0.024	0.0	0.00025	0.0035	0.01525	0.0	0.00375	0.0	0.001	0.00075	0.004	0.00025	0.00425	0.003	0.00025	0.00425	0.01025	0.00125	0.00075	0.00025	0.00475	0.004	0.00125	0.005	0.008	0.00075	0.001	0.0015	0.00125	0.0015	0.0	0.0	0.0	0.0005	0.0	0.0015	0.0	0.00075	0.00175	0.0	0.00025	0.02825	0.001	0.0	0.0	0.0
k__Bacteria; p__Firmicutes; c__Clostridia; o__Clostridiales; f__Clostridiaceae; g__Clostridium	0.0	0.0	0.0	0.00075	0.00225	0.01175	0.0	0.00275	0.0	0.00025	0.00075	0.00025	0.0	0.00175	0.01025	0.00075	0.0005	0.003	0.0015	0.0	0.0	0.02	0.02575	0.00075	0.0	0.00575	0.02425	0.00025	0.00275	0.00425	0.0	0.0	0.0	0.00075	0.0	0.0	0.00075	0.002	0.0	0.00075	0.0	0.00025	0.0125	0.0	0.00025	0.0	0.0
k__Bacteria; p__Firmicutes; c__Clostridia; o__Clostridiales; f__Clostridiaceae; g__SMB53	0.0	0.0	0.0	0.0	0.0	0.0	0.0	0.0	0.0	0.0	0.0	0.0	0.0	0.00025	0.0	0.0	0.0	0.0	0.0	0.0	0.0	0.0	0.0	0.0	0.0	0.0	0.0	0.0	0.0	0.0	0.0	0.0	0.0	0.0	0.0	0.0	0.0	0.0	0.0	0.0	0.0	0.0	0.00025	0.0	0.0	0.0	0.0
k__Bacteria; p__Firmicutes; c__Clostridia; o__Clostridiales; f__Dehalobacteriaceae; g__Dehalobacterium	0.0	0.0	0.0	0.0	0.0	0.0	0.0	0.0	0.0	0.0	0.00075	0.00075	0.0	0.00025	0.00075	0.0	0.0	0.0	0.0	0.0	0.0	0.00025	0.0	0.0	0.00025	0.0	0.0	0.0	0.0	0.0005	0.0	0.0	0.0	0.0	0.0	0.0	0.0	0.0	0.0	0.00025	0.0	0.0	0.0	0.0	0.0	0.0	0.0
k__Bacteria; p__Firmicutes; c__Clostridia; o__Clostridiales; f__Eubacteriaceae; g__Anaerofustis	0.0	0.0	0.0	0.0	0.0	0.0	0.0	0.0	0.0	0.0	0.0	0.0	0.0	0.0	0.0	0.0	0.0	0.00025	0.0	0.0	0.0	0.0	0.00025	0.0	0.00025	0.0	0.0	0.0	0.0	0.00025	0.0	0.0	0.0	0.0	0.0	0.0	0.0	0.0	0.0	0.0	0.0	0.0	0.00075	0.0	0.0	0.0	0.0
k__Bacteria; p__Firmicutes; c__Clostridia; o__Clostridiales; f__Eubacteriaceae; g__Pseudoramibacter_Eubacterium	0.0	0.0	0.0	0.0	0.0	0.0	0.0	0.0	0.0	0.0	0.00025	0.00025	0.00025	0.00075	0.0	0.0	0.0	0.00025	0.0	0.0	0.0	0.0	0.003	0.0	0.001	0.0	0.0	0.0	0.0	0.0	0.0	0.0	0.0	0.0	0.00025	0.0	0.00025	0.0	0.0	0.00025	0.0	0.0	0.0	0.0	0.0005	0.0	0.0
k__Bacteria; p__Firmicutes; c__Clostridia; o__Clostridiales; f__Lachnospiraceae; g__	0.14975	0.00025	0.00925	0.01775	0.037	0.02525	0.0255	0.03375	0.02025	0.01175	0.01925	0.01925	0.03475	0.01925	0.00475	0.04925	0.01675	0.016	0.00325	0.02975	0.019	0.02025	0.1085	0.0315	0.017	0.0155	0.02075	0.015	0.03075	0.0335	0.01225	0.00525	0.01325	0.0065	0.0015	0.01325	0.03325	0.02	0.031	0.01925	0.0	0.006	0.076	0.0055	0.0455	0.0155	0.0195
k__Bacteria; p__Firmicutes; c__Clostridia; o__Clostridiales; f__Lachnospiraceae; g__Anaerostipes	0.0	0.0	0.0	0.00075	0.0005	0.0	0.0	0.00025	0.0	0.0	0.00875	0.0025	0.0	0.01175	0.0015	0.0	0.0	0.001	0.0	0.0	0.0	0.00125	0.0	0.00125	0.0	0.0035	0.0	0.0	0.00125	0.00225	0.0	0.0005	0.0	0.0	0.0	0.0	0.00175	0.0005	0.0	0.002	0.0	0.00025	0.0	0.0	0.0	0.0	0.0
k__Bacteria; p__Firmicutes; c__Clostridia; o__Clostridiales; f__Lachnospiraceae; g__Blautia	0.03625	0.0	0.0	0.00225	0.017	0.00925	0.0165	0.02875	0.00025	0.028	0.01425	0.00375	0.02175	0.126	0.0055	0.13275	0.00075	0.0075	0.014	0.0265	0.00075	0.01775	0.0765	0.0085	0.0115	0.08175	0.014	0.00375	0.00425	0.05575	0.0025	0.0015	0.001	0.00725	0.00425	0.00175	0.0215	0.00475	0.02925	0.01025	0.0	0.03675	0.2025	0.00175	0.025	0.003	0.0065
k__Bacteria; p__Firmicutes; c__Clostridia; o__Clostridiales; f__Lachnospiraceae; g__Butyrivibrio	0.001	0.0	0.0	0.0005	0.0	0.00025	0.0	0.0	0.0	0.0	0.0	0.0	0.00025	0.0	0.00025	0.0	0.0005	0.0	0.0	0.0	0.0	0.00175	0.0	0.00075	0.0	0.00025	0.00025	0.00025	0.0025	0.00025	0.001	0.0	0.00125	0.0	0.0	0.0	0.00025	0.00025	0.0	0.00075	0.0	0.0	0.0	0.00025	0.0	0.0	0.0
k__Bacteria; p__Firmicutes; c__Clostridia; o__Clostridiales; f__Lachnospiraceae; g__Coprococcus	0.006	0.0	0.0	0.0015	0.01	0.00325	0.00975	0.00975	0.00175	0.0045	0.00925	0.00325	0.00275	0.02175	0.00525	0.01025	0.019	0.00925	0.0025	0.0065	0.00125	0.02525	0.0145	0.0055	0.0015	0.0185	0.01575	0.00675	0.00225	0.02425	0.0045	0.0015	0.0005	0.00175	0.00125	0.00025	0.01	0.008	0.00325	0.015	0.0	0.017	0.00225	0.00075	0.0015	0.00025	0.0
k__Bacteria; p__Firmicutes; c__Clostridia; o__Clostridiales; f__Lachnospiraceae; g__Dorea	0.00375	0.00075	0.00025	0.00075	0.012	0.01125	0.02975	0.01025	0.00175	0.00725	0.01425	0.01	0.0085	0.01425	0.00025	0.007	0.0015	0.0185	0.00375	0.0205	0.0005	0.0035	0.00975	0.00175	0.0035	0.00375	0.00425	0.00325	0.002	0.00575	0.0	0.001	0.00075	0.011	0.00175	0.00125	0.02825	0.0	0.00725	0.002	0.0	0.00275	0.096	0.0	0.0145	0.0005	0.0
k__Bacteria; p__Firmicutes; c__Clostridia; o__Clostridiales; f__Lachnospiraceae; g__Epulopiscium	0.0	0.00025	0.0	0.0	0.0	0.0	0.0	0.0	0.0	0.0	0.0	0.0	0.0	0.0	0.0	0.0	0.0	0.0	0.0	0.0	0.00025	0.0005	0.0	0.0	0.00025	0.0	0.0	0.0	0.0	0.0	0.0	0.0	0.0	0.0	0.0	0.0	0.0	0.0	0.0	0.0	0.0	0.0	0.01025	0.0	0.0	0.0	0.0
k__Bacteria; p__Firmicutes; c__Clostridia; o__Clostridiales; f__Lachnospiraceae; g__Lachnobacterium	0.0	0.0	0.0	0.00075	0.0055	0.05675	0.0	0.0	0.0	0.0	0.0	0.0	0.0	0.0	0.0	0.0	0.0	0.00425	0.0	0.0	0.0	0.0205	0.0	0.0	0.0	0.0	0.0	0.0	0.0	0.0	0.0	0.0	0.03325	0.0	0.0	0.0	0.0	0.0	0.0	0.00275	0.0	0.0005	0.0	0.0	0.0	0.0	0.0
k__Bacteria; p__Firmicutes; c__Clostridia; o__Clostridiales; f__Lachnospiraceae; g__Lachnospira	0.0	0.00025	0.0	0.00175	0.0005	0.01575	0.0	0.01125	0.00025	0.00025	0.005	0.0005	0.0	0.006	0.00025	0.0	0.0	0.00075	0.0005	0.00025	0.0	0.015	0.0005	0.00275	0.0	0.00275	0.02325	0.0	0.0	0.0085	0.00425	0.0015	0.00025	0.0	0.001	0.0045	0.0035	0.0	0.0	0.0035	0.0	0.0015	0.00025	0.0005	0.0	0.0	0.0
k__Bacteria; p__Firmicutes; c__Clostridia; o__Clostridiales; f__Lachnospiraceae; g__Pseudobutyrivibrio	0.0	0.0	0.0	0.0	0.00075	0.0	0.0	0.00025	0.0	0.0	0.0	0.0	0.0	0.0	0.0	0.0	0.0	0.0	0.0	0.0	0.0	0.0	0.0	0.00025	0.0	0.0	0.0	0.0	0.0	0.0	0.0	0.0	0.0	0.0	0.0	0.0	0.0	0.0	0.0	0.0	0.0	0.0	0.0	0.0	0.0	0.0	0.0
k__Bacteria; p__Firmicutes; c__Clostridia; o__Clostridiales; f__Lachnospiraceae; g__Roseburia	0.0	0.00025	0.0	0.01225	0.0105	0.0125	0.0005	0.0015	0.00025	0.00025	0.00225	0.00275	0.00025	0.0085	0.00075	0.002	0.0005	0.0035	0.00125	0.0	0.0005	0.00425	0.00275	0.01475	0.00025	0.03625	0.00125	0.0005	0.00725	0.01325	0.00375	0.001	0.0	0.00025	0.0	0.00075	0.00725	0.00075	0.0	0.00725	0.0	0.002	0.01025	0.00325	0.002	0.0	0.00025
k__Bacteria; p__Firmicutes; c__Clostridia; o__Clostridiales; f__Lachnospiraceae; g__[Ruminococcus]	0.00875	0.0	0.0245	0.0045	0.01625	0.01025	0.045	0.011	0.023	0.00475	0.0145	0.0055	0.00325	0.0515	0.001	0.01025	0.002	0.0075	0.02375	0.00175	0.00025	0.0095	0.01925	0.002	0.0045	0.00225	0.0025	0.00025	0.005	0.02925	0.00125	0.00075	0.001	0.00375	0.00125	0.00125	0.02425	0.00025	0.0005	0.02375	0.0	0.008	0.011	0.00025	0.0045	0.0015	0.0045
k__Bacteria; p__Firmicutes; c__Clostridia; o__Clostridiales; f__Peptococcaceae; g__	0.0	0.0	0.0	0.0	0.0	0.0	0.0	0.0	0.0	0.0	0.0	0.0	0.0	0.0	0.0	0.0	0.00025	0.0	0.0	0.0	0.0	0.0	0.0	0.0	0.0	0.0	0.0	0.0	0.0	0.00025	0.0	0.0	0.0	0.0	0.0	0.0	0.0	0.0	0.0	0.00025	0.0	0.0	0.0	0.0	0.0	0.0	0.0
k__Bacteria; p__Firmicutes; c__Clostridia; o__Clostridiales; f__Peptostreptococcaceae; g__	0.0	0.00025	0.0	0.00125	0.0005	0.0025	0.00925	0.0035	0.0	0.0025	0.00225	0.00075	0.002	0.0035	0.0005	0.0	0.0015	0.00275	0.00025	0.0	0.0005	0.0085	0.00025	0.00125	0.00025	0.0065	0.0	0.00125	0.00025	0.002	0.0	0.00025	0.0	0.0	0.00025	0.00025	0.00025	0.0	0.0015	0.001	0.0	0.0005	0.023	0.0	0.00025	0.0	0.00075
k__Bacteria; p__Firmicutes; c__Clostridia; o__Clostridiales; f__Ruminococcaceae; g__	0.01475	0.001	0.001	0.04825	0.42525	0.1485	0.00975	0.18675	0.017	0.03025	0.08925	0.12225	0.02425	0.14375	0.14675	0.1465	0.1625	0.096	0.04125	0.00925	0.0035	0.18075	0.06575	0.10525	0.049	0.18625	0.1845	0.03925	0.058	0.35025	0.06275	0.01425	0.009	0.00925	0.01325	0.0235	0.1075	0.02475	0.01075	0.16475	0.0	0.024	0.0475	0.00975	0.02775	0.0015	0.00125
k__Bacteria; p__Firmicutes; c__Clostridia; o__Clostridiales; f__Ruminococcaceae; g__Anaerofilum	0.0	0.0	0.0	0.0	0.0	0.0	0.0	0.0	0.0	0.0	0.0	0.0	0.0	0.0	0.0	0.0	0.0	0.0	0.0	0.0	0.0	0.0	0.0005	0.0	0.0	0.0	0.0	0.0	0.0	0.0	0.0	0.0	0.0	0.0	0.0	0.0	0.0	0.0	0.0	0.0	0.0	0.0	0.0	0.0	0.0	0.0	0.0
k__Bacteria; p__Firmicutes; c__Clostridia; o__Clostridiales; f__Ruminococcaceae; g__Anaerotruncus	0.0	0.0	0.0	0.0	0.0	0.00025	0.0	0.0005	0.0	0.0	0.0005	0.0	0.0	0.0	0.00025	0.0	0.0	0.0	0.00025	0.0	0.0	0.0005	0.0	0.0	0.00125	0.0	0.0	0.0	0.0	0.0	0.0	0.0	0.0	0.00025	0.0	0.0	0.00025	0.0	0.0	0.0	0.0	0.0	0.0	0.0	0.0	0.0	0.0
k__Bacteria; p__Firmicutes; c__Clostridia; o__Clostridiales; f__Ruminococcaceae; g__Ethanoligenens	0.0	0.0	0.0	0.0	0.0	0.0	0.0	0.0	0.0	0.0	0.0	0.0	0.0	0.0	0.0	0.0	0.0	0.0	0.0	0.0	0.0	0.0	0.0	0.0	0.0	0.0	0.0	0.0	0.0	0.0	0.0	0.0	0.0	0.0	0.00025	0.0	0.0	0.0	0.0	0.0	0.0	0.0	0.0	0.0	0.0	0.0	0.0
k__Bacteria; p__Firmicutes; c__Clostridia; o__Clostridiales; f__Ruminococcaceae; g__Faecalibacterium	0.0405	0.004	0.06475	0.1285	0.05725	0.25725	0.1105	0.05625	0.43475	0.09525	0.04475	0.02425	0.07775	0.0455	0.01425	0.0375	0.0525	0.0275	0.0345	0.03725	0.04325	0.04425	0.11225	0.07225	0.00125	0.07375	0.0295	0.07675	0.02925	0.02025	0.04075	0.0825	0.14475	0.06725	0.04	0.05675	0.00875	0.0195	0.0375	0.03925	0.00025	0.0215	0.02625	0.00825	0.04325	0.0095	0.0135
k__Bacteria; p__Firmicutes; c__Clostridia; o__Clostridiales; f__Ruminococcaceae; g__Oscillospira	0.0	0.0	0.00025	0.00325	0.00475	0.0075	0.00375	0.0045	0.0005	0.004	0.00675	0.01275	0.00075	0.0055	0.00375	0.0005	0.01125	0.01175	0.00675	0.002	0.0045	0.014	0.0195	0.00775	0.0105	0.01425	0.00975	0.01075	0.0035	0.00625	0.00275	0.00375	0.0	0.0025	0.0035	0.00525	0.00675	0.004	0.0025	0.02	0.0	0.0005	0.0005	0.0005	0.00075	0.00525	0.0085
k__Bacteria; p__Firmicutes; c__Clostridia; o__Clostridiales; f__Ruminococcaceae; g__Ruminococcus	0.0005	0.0	0.0	0.0115	0.0305	0.06775	0.0	0.01025	0.0005	0.02475	0.1405	0.06425	0.001	0.1505	0.05575	0.00175	0.0815	0.04625	0.035	0.001	0.0	0.03025	0.0295	0.02125	0.0765	0.176	0.06325	0.0315	0.04025	0.06775	0.0105	0.0095	0.0015	0.0005	0.00575	0.028	0.02575	0.00675	0.00025	0.26275	0.0	0.0085	0.01275	0.005	0.00225	0.00125	0.00025
k__Bacteria; p__Firmicutes; c__Clostridia; o__Clostridiales; f__Veillonellaceae; g__	0.0	0.0	0.0	0.0	0.0	0.0	0.0	0.00025	0.0	0.0	0.0	0.0	0.0	0.0	0.0	0.0	0.0	0.0	0.0	0.0	0.0	0.0	0.0	0.0	0.0	0.0	0.0	0.0	0.0	0.0	0.0	0.0	0.0	0.0	0.0	0.0	0.0	0.0	0.0005	0.0	0.0	0.0	0.0	0.0	0.0	0.0	0.0
k__Bacteria; p__Firmicutes; c__Clostridia; o__Clostridiales; f__Veillonellaceae; g__Dialister	0.00075	0.0	0.0	0.0515	0.006	0.00875	0.0	0.0085	0.0	0.0	0.0	0.0	0.0	0.0	0.0035	0.0	0.0	0.04175	0.0	0.0	0.0	0.0	0.017	0.00875	0.0	0.0005	0.0	0.0	0.00225	0.00575	0.0225	0.0	0.0	0.0	0.0	0.0	0.01375	0.004	0.0005	0.0165	0.0	0.0005	0.0	0.0055	0.00025	0.0	0.0
k__Bacteria; p__Firmicutes; c__Clostridia; o__Clostridiales; f__Veillonellaceae; g__Megasphaera	0.0	0.0	0.0	0.0	0.0	0.0	0.0	0.0	0.0	0.0	0.00025	0.0	0.0	0.0	0.0	0.0	0.0	0.027	0.0	0.0	0.0	0.0	0.0	0.0	0.0	0.0	0.0	0.0	0.0	0.0	0.0	0.0	0.0	0.0	0.0	0.0	0.0	0.008	0.0	0.0	0.0	0.00025	0.0	0.0	0.0	0.0	0.0
k__Bacteria; p__Firmicutes; c__Clostridia; o__Clostridiales; f__Veillonellaceae; g__Phascolarctobacterium	0.02	0.0005	0.00275	0.00625	0.02175	0.0	0.00375	0.00075	0.0015	0.0	0.032	0.02225	0.01025	0.016	0.0	0.02075	0.0415	0.0	0.017	0.06425	0.0	0.0775	0.00125	0.0	0.04675	0.0	0.032	0.0265	0.0	0.02075	0.018	0.0	0.04775	0.0	0.0015	0.0	0.0	0.0	0.0	0.0	0.0	0.01175	0.0	0.0	0.01575	0.0	0.0
k__Bacteria; p__Firmicutes; c__Clostridia; o__Clostridiales; f__Veillonellaceae; g__Schwartzia	0.0	0.0	0.0	0.0	0.0	0.00025	0.0	0.0	0.0	0.0	0.0	0.0	0.0	0.0	0.0	0.0	0.0	0.0	0.0	0.0	0.0	0.0	0.0	0.0	0.0	0.0	0.0	0.0	0.0	0.0	0.0	0.0	0.0	0.0	0.0	0.0	0.0	0.0	0.0	0.0	0.0	0.0	0.0	0.0	0.0	0.0	0.0
k__Bacteria; p__Firmicutes; c__Clostridia; o__Clostridiales; f__Veillonellaceae; g__Selenomonas	0.0	0.0	0.0	0.0	0.0	0.0	0.0	0.0	0.0	0.0	0.0	0.0	0.0	0.0	0.0	0.0	0.0	0.00025	0.0	0.0	0.0	0.0	0.0	0.0	0.0	0.0	0.0	0.0	0.0	0.0	0.0	0.0	0.0	0.0	0.0	0.0	0.0	0.0	0.0	0.0	0.0	0.0	0.0	0.0	0.0	0.0	0.0
k__Bacteria; p__Firmicutes; c__Clostridia; o__Clostridiales; f__Veillonellaceae; g__Veillonella	0.00025	0.00375	0.03275	0.001	0.001	0.04875	0.094	0.0	0.00225	0.0	0.0	0.0	0.04475	0.0	0.0005	0.01425	0.0005	0.00375	0.0	0.0	0.0805	0.0045	0.003	0.0015	0.0	0.012	0.0	0.0	0.00025	0.0015	0.001	0.00125	0.0	0.00025	0.0	0.1145	0.0105	0.10225	0.00775	0.001	0.00175	0.00625	0.0255	0.0025	0.0005	0.01275	0.0195
k__Bacteria; p__Firmicutes; c__Clostridia; o__Clostridiales; f__[Mogibacteriaceae]; g__	0.0	0.0	0.0	0.0	0.0015	0.0025	0.0	0.00075	0.0	0.00125	0.00075	0.00025	0.0	0.00225	0.00025	0.0	0.00025	0.00075	0.00075	0.00125	0.0	0.00375	0.001	0.00025	0.00025	0.00125	0.001	0.0	0.0005	0.00175	0.0015	0.0	0.0	0.0	0.0	0.0	0.001	0.0	0.0	0.0035	0.0	0.00075	0.0	0.00075	0.0	0.0	0.0
k__Bacteria; p__Firmicutes; c__Clostridia; o__Clostridiales; f__[Mogibacteriaceae]; g__Mogibacterium	0.0	0.0	0.0	0.0	0.0	0.0	0.0	0.0	0.0	0.0	0.0	0.0	0.0	0.0	0.0	0.0	0.0	0.0	0.0	0.0	0.0	0.0	0.0	0.0	0.00025	0.0	0.0	0.0	0.0	0.0	0.0	0.0	0.0	0.0	0.0	0.0	0.0	0.0	0.0	0.0	0.0	0.0	0.0	0.0	0.0	0.0	0.0
k__Bacteria; p__Firmicutes; c__Clostridia; o__Clostridiales; f__[Tissierellaceae]; g__1-68	0.0	0.0	0.0	0.0	0.0	0.0	0.0	0.0	0.0	0.0	0.0	0.0	0.0	0.0	0.0	0.0	0.0	0.0	0.0	0.0	0.0	0.0	0.0	0.0	0.0	0.0	0.0	0.0	0.0	0.0	0.0	0.0	0.0	0.0	0.0	0.0	0.0	0.0	0.0	0.0	0.0	0.0	0.0	0.00075	0.0	0.0	0.0
k__Bacteria; p__Firmicutes; c__Clostridia; o__Clostridiales; f__[Tissierellaceae]; g__Finegoldia	0.0	0.0	0.0	0.0	0.0	0.0	0.0	0.0	0.0	0.0005	0.0	0.0	0.0	0.0	0.0	0.0	0.0	0.0	0.0	0.0	0.0	0.0	0.0	0.0	0.0	0.0	0.0	0.0	0.0	0.0	0.0	0.0	0.0	0.0	0.0	0.0	0.0	0.0	0.0	0.0	0.0	0.00025	0.0	0.00025	0.0	0.0	0.0
k__Bacteria; p__Firmicutes; c__Clostridia; o__Clostridiales; f__[Tissierellaceae]; g__Parvimonas	0.0	0.0	0.0	0.0	0.0	0.0	0.0	0.0	0.0	0.0	0.0	0.0	0.0	0.0	0.0	0.0	0.0	0.0	0.0	0.0	0.0	0.00025	0.0	0.0	0.0	0.0	0.0	0.0	0.0	0.0	0.0	0.0	0.0	0.0	0.0	0.0	0.0	0.0	0.0	0.0	0.0	0.0	0.0	0.00025	0.0	0.0	0.0
k__Bacteria; p__Firmicutes; c__Clostridia; o__Clostridiales; f__[Tissierellaceae]; g__Peptoniphilus	0.0	0.0	0.0	0.0	0.0	0.0	0.0	0.0	0.0	0.0	0.0	0.0	0.0	0.0	0.0	0.0	0.0	0.00025	0.0	0.0	0.0	0.00025	0.0	0.0	0.0	0.0	0.0	0.0	0.0	0.0	0.0	0.0	0.0	0.0	0.0	0.0	0.0	0.0	0.00025	0.0	0.0	0.0	0.0	0.0	0.0	0.0	0.0
k__Bacteria; p__Firmicutes; c__Clostridia; o__Clostridiales; f__[Tissierellaceae]; g__WAL_1855D	0.0	0.0	0.0	0.0	0.0	0.0	0.0	0.0	0.0	0.00025	0.0	0.0	0.0	0.0	0.0	0.0	0.0	0.0	0.0	0.0	0.0	0.0	0.0	0.00025	0.0	0.0	0.0	0.0	0.0	0.0	0.00025	0.0	0.0	0.0	0.0	0.0	0.0	0.0	0.0	0.00025	0.0	0.0	0.0	0.00025	0.0	0.0	0.0
k__Bacteria; p__Firmicutes; c__Clostridia; o__SHA-98; f__; g__	0.0	0.0	0.0	0.0	0.0	0.0	0.0	0.00025	0.0	0.0	0.0	0.00025	0.0	0.0	0.00075	0.0	0.0	0.0	0.0	0.0	0.0	0.0	0.0	0.0	0.0	0.0	0.0	0.0	0.0	0.0	0.0	0.0	0.0	0.0	0.0	0.0	0.0	0.0	0.0	0.0	0.0	0.0	0.0	0.0	0.0	0.0	0.0
k__Bacteria; p__Firmicutes; c__Erysipelotrichi; o__Erysipelotrichales; f__Erysipelotrichaceae; g__	0.004	0.0	0.0	0.00325	0.02	0.00425	0.00175	0.004	0.0	0.0005	0.08725	0.00875	0.005	0.02425	0.003	0.0095	0.0	0.00225	0.0065	0.006	0.0	0.013	0.008	0.004	0.001	0.00575	0.0155	0.00025	0.004	0.0225	0.00175	0.0	0.0	0.00025	0.00225	0.0005	0.06975	0.00125	0.0055	0.0	0.0	0.0125	0.13575	0.003	0.00225	0.00125	0.00175
k__Bacteria; p__Firmicutes; c__Erysipelotrichi; o__Erysipelotrichales; f__Erysipelotrichaceae; g__Bulleidia	0.0	0.0	0.0	0.0	0.0	0.0	0.0	0.0	0.0	0.0	0.0	0.0	0.0	0.0	0.0	0.0	0.0	0.0	0.0	0.0	0.0	0.00025	0.0	0.0	0.0	0.0	0.0	0.0	0.0	0.00025	0.0	0.0	0.0	0.0	0.0	0.0	0.0	0.0	0.00025	0.0	0.0	0.0005	0.0	0.0	0.0	0.0	0.0
k__Bacteria; p__Firmicutes; c__Erysipelotrichi; o__Erysipelotrichales; f__Erysipelotrichaceae; g__Catenibacterium	0.0	0.0	0.0	0.0	0.0	0.0	0.0	0.0	0.0	0.0	0.0	0.0	0.0	0.0	0.0	0.0	0.00875	0.0	0.0455	0.0	0.0	0.0	0.0	0.0	0.0	0.005	0.0	0.0	0.0	0.0	0.0	0.0	0.0	0.0	0.0	0.0	0.0	0.0	0.0	0.001	0.0	0.0	0.0	0.0	0.0	0.0	0.0
k__Bacteria; p__Firmicutes; c__Erysipelotrichi; o__Erysipelotrichales; f__Erysipelotrichaceae; g__Coprobacillus	0.00025	0.0	0.0	0.0	0.0	0.0	0.0	0.00025	0.0	0.0	0.00025	0.00025	0.0025	0.00025	0.0	0.0	0.0	0.0	0.00025	0.0	0.0	0.00025	0.02325	0.0	0.00075	0.0	0.0	0.00025	0.0	0.00025	0.0	0.0	0.0	0.0	0.0	0.0	0.00025	0.0	0.0	0.0	0.0	0.0	0.00375	0.0	0.0	0.0	0.0
k__Bacteria; p__Firmicutes; c__Erysipelotrichi; o__Erysipelotrichales; f__Erysipelotrichaceae; g__Holdemania	0.0	0.0	0.0	0.0	0.0	0.00025	0.0	0.00025	0.0	0.0	0.0	0.00025	0.0	0.0	0.0	0.00025	0.0	0.00025	0.00075	0.0	0.0	0.00075	0.0	0.0	0.00025	0.0	0.00075	0.0005	0.0	0.0	0.0	0.0005	0.0	0.0	0.0	0.00125	0.0	0.0	0.0	0.0	0.0	0.0	0.0	0.0	0.0	0.0	0.0
k__Bacteria; p__Firmicutes; c__Erysipelotrichi; o__Erysipelotrichales; f__Erysipelotrichaceae; g__[Eubacterium]	0.02125	0.00025	0.008	0.0	0.0	0.00025	0.0225	0.001	0.00375	0.00075	0.0015	0.00025	0.004	0.00075	0.0	0.0005	0.0005	0.00025	0.0045	0.00525	0.0005	0.0	0.04025	0.0	0.011	0.00025	0.00075	0.0	0.00025	0.00175	0.00025	0.001	0.0005	0.0005	0.00075	0.00025	0.00625	0.00025	0.00375	0.022	0.0	0.0	0.0185	0.0	0.002	0.0015	0.0025
k__Bacteria; p__Firmicutes; c__Erysipelotrichi; o__Erysipelotrichales; f__Erysipelotrichaceae; g__cc_115	0.0	0.0	0.0	0.0	0.0	0.0	0.0	0.0	0.00025	0.0	0.00025	0.0	0.0	0.0	0.00125	0.0	0.0	0.001	0.0	0.0	0.0	0.0	0.00225	0.0	0.0	0.00025	0.0	0.0	0.0	0.0	0.0	0.0	0.0	0.0	0.0	0.0	0.0	0.0	0.0	0.0	0.0	0.0	0.0	0.0	0.0	0.0	0.0
k__Bacteria; p__Fusobacteria; c__Fusobacteriia; o__Fusobacteriales; f__Fusobacteriaceae; g__Fusobacterium	0.0	0.0	0.0	0.0	0.0	0.0	0.0	0.0	0.0	0.0	0.0	0.0	0.0	0.0	0.0	0.0	0.0	0.0	0.0	0.0	0.0	0.0	0.0	0.0	0.0	0.0	0.0	0.0	0.0	0.0	0.00025	0.0	0.0	0.0	0.0	0.0	0.0	0.0	0.0	0.0	0.0	0.0	0.0	0.0	0.0	0.0	0.0
k__Bacteria; p__Lentisphaerae; c__[Lentisphaeria]; o__Victivallales; f__Victivallaceae; g__	0.0	0.0	0.0	0.0	0.0	0.0	0.0	0.0	0.0	0.0	0.0	0.0	0.0	0.0	0.0	0.0	0.007	0.0	0.00025	0.0	0.0	0.0	0.0	0.0	0.00025	0.0	0.00025	0.0025	0.0	0.0	0.0	0.0	0.0	0.0005	0.0	0.0	0.0	0.0	0.0	0.0	0.0	0.0	0.0	0.0	0.0	0.0	0.0
k__Bacteria; p__Proteobacteria; c__Alphaproteobacteria; o__; f__; g__	0.0	0.0	0.0	0.0	0.0	0.0	0.0	0.0	0.0	0.0	0.0	0.0	0.0	0.0	0.0	0.0	0.0	0.0	0.0	0.0	0.0	0.00475	0.0	0.0	0.0	0.0	0.0	0.0	0.0	0.0	0.0	0.0	0.0	0.0	0.0	0.0	0.0	0.0	0.0	0.0	0.0	0.0	0.0	0.0	0.0	0.0	0.0
k__Bacteria; p__Proteobacteria; c__Alphaproteobacteria; o__RF32; f__; g__	0.0	0.0	0.0	0.0	0.00175	0.00475	0.0	0.00025	0.00025	0.0	0.0	0.00225	0.0	0.0	0.005	0.0	0.0	0.0	0.0	0.0	0.0	0.00025	0.0	0.0045	0.0	0.0	0.0	0.0	0.0055	0.0	0.0095	0.0	0.0	0.0	0.0	0.0	0.0	0.001	0.0	0.0	0.0	0.0	0.0	0.001	0.0	0.0	0.0
k__Bacteria; p__Proteobacteria; c__Alphaproteobacteria; o__Rhizobiales; f__Phyllobacteriaceae; g__Nitratireductor	0.0	0.0	0.0	0.0	0.0	0.0	0.0	0.0	0.0	0.0	0.0	0.0	0.0	0.0	0.0	0.0	0.0	0.0	0.0	0.0	0.0	0.0	0.0	0.0	0.0	0.0	0.0	0.0	0.0	0.0	0.0	0.0	0.0	0.0	0.0	0.0	0.0	0.0	0.0	0.0	0.0	0.00025	0.0	0.0	0.0	0.0	0.0
k__Bacteria; p__Proteobacteria; c__Alphaproteobacteria; o__Rickettsiales; f__mitochondria; g__	0.00025	0.0	0.0	0.0	0.0	0.0	0.0	0.0	0.0	0.0	0.0	0.0	0.0	0.0	0.0	0.0	0.0	0.00025	0.0	0.0	0.0	0.0	0.00025	0.0	0.0	0.0	0.0	0.0	0.0	0.0	0.0	0.0	0.0	0.0	0.0	0.0	0.0	0.0	0.0	0.0	0.0	0.0	0.0	0.0	0.0	0.0	0.0
k__Bacteria; p__Proteobacteria; c__Betaproteobacteria; o__Burkholderiales; f__Alcaligenaceae; g__Sutterella	0.0155	0.0	0.01325	0.00525	0.0	0.00025	0.001	0.01225	0.03775	0.001	0.001	0.00725	0.0085	0.001	0.02875	0.0005	0.0085	0.004	0.00325	0.01225	0.0	0.004	0.00725	0.016	0.011	0.0	0.00375	0.00825	0.00675	0.0005	0.01725	0.0	0.00325	0.008	0.0075	0.0	0.0005	0.004	0.02725	0.00025	0.0	0.0005	0.0	0.00025	0.01225	0.01025	0.018
k__Bacteria; p__Proteobacteria; c__Betaproteobacteria; o__Burkholderiales; f__Burkholderiaceae; g__Lautropia	0.0	0.0	0.0	0.0	0.0	0.0	0.0	0.0	0.0	0.0	0.0	0.0	0.0	0.0	0.0	0.0	0.0	0.0	0.0	0.0	0.0	0.0	0.0	0.0	0.0	0.0	0.0	0.0	0.0	0.0	0.0	0.0	0.0	0.0	0.0	0.0	0.0	0.0	0.0	0.0	0.0	0.0	0.0	0.0	0.00025	0.0	0.0
k__Bacteria; p__Proteobacteria; c__Betaproteobacteria; o__Burkholderiales; f__Oxalobacteraceae; g__Oxalobacter	0.00025	0.0	0.0	0.0	0.0	0.003	0.0	0.001	0.0	0.0	0.0	0.00125	0.0	0.0	0.0	0.0	0.0	0.0	0.0	0.00075	0.0	0.0	0.0	0.0	0.00025	0.0	0.0	0.0005	0.0	0.00025	0.0005	0.0	0.0	0.0	0.0	0.0	0.0	0.0	0.0	0.0	0.0	0.0	0.0	0.0	0.0	0.0	0.0
k__Bacteria; p__Proteobacteria; c__Betaproteobacteria; o__Neisseriales; f__Neisseriaceae; g__Eikenella	0.0	0.0	0.0	0.0	0.0	0.0	0.0	0.0	0.0	0.0	0.0	0.0	0.0	0.0	0.0	0.0	0.0	0.0	0.0	0.0	0.0	0.0	0.0	0.0	0.0	0.0	0.0	0.0	0.0	0.0	0.0	0.0	0.0	0.0	0.0	0.0	0.0	0.0	0.0005	0.0	0.0	0.0	0.0	0.0	0.0	0.0	0.0
k__Bacteria; p__Proteobacteria; c__Deltaproteobacteria; o__Desulfovibrionales; f__Desulfovibrionaceae; g__	0.0	0.0	0.0	0.0	0.0	0.0	0.0	0.0	0.0	0.0	0.0	0.0	0.0	0.0	0.0	0.0	0.0	0.0	0.0	0.00075	0.0	0.0	0.0	0.0	0.0	0.0	0.0	0.0	0.0	0.0	0.00225	0.0	0.0	0.0	0.0	0.0	0.0	0.0	0.0	0.0	0.0	0.0	0.0	0.0	0.0	0.0	0.0
k__Bacteria; p__Proteobacteria; c__Deltaproteobacteria; o__Desulfovibrionales; f__Desulfovibrionaceae; g__Bilophila	0.003	0.0	0.0	0.0	0.0	0.0005	0.0	0.002	0.0	0.0005	0.00025	0.00375	0.0005	0.0	0.00075	0.0005	0.00275	0.0	0.0005	0.0005	0.0	0.0	0.0005	0.00275	0.001	0.0	0.001	0.00025	0.00025	0.0	0.003	0.00175	0.0	0.00125	0.001	0.0005	0.0	0.0	0.00025	0.0	0.0	0.0	0.0	0.00075	0.00025	0.00325	0.004
k__Bacteria; p__Proteobacteria; c__Deltaproteobacteria; o__Desulfovibrionales; f__Desulfovibrionaceae; g__Desulfovibrio	0.0	0.0	0.0	0.0	0.0	0.0	0.0	0.0	0.0	0.0	0.0005	0.004	0.0	0.00025	0.00025	0.0	0.003	0.00225	0.001	0.0	0.0	0.0	0.0	0.00225	0.0035	0.0	0.00025	0.0	0.0	0.0	0.00025	0.0	0.0	0.0	0.0	0.0	0.0	0.0	0.0	0.0	0.0	0.00025	0.0	0.0	0.0	0.0	0.0
k__Bacteria; p__Proteobacteria; c__Epsilonproteobacteria; o__Campylobacterales; f__Campylobacteraceae; g__Campylobacter	0.0	0.0	0.0	0.0	0.00025	0.0	0.0	0.0	0.0	0.0	0.0	0.0	0.0	0.0	0.0	0.0	0.0	0.00025	0.0	0.0	0.0	0.0005	0.0	0.0	0.0	0.0	0.0	0.0	0.0	0.0	0.0005	0.0	0.00025	0.0	0.0	0.0	0.0	0.0	0.0	0.0	0.0	0.0	0.0	0.0	0.0	0.0	0.0
k__Bacteria; p__Proteobacteria; c__Gammaproteobacteria; o__Aeromonadales; f__Succinivibrionaceae; g__	0.0	0.0	0.0	0.0	0.0	0.0	0.0	0.0	0.0	0.0	0.00025	0.0	0.0	0.0	0.0	0.0	0.0	0.0	0.0	0.0	0.0	0.0	0.0	0.0	0.0	0.0	0.0	0.0	0.0	0.0	0.0	0.0	0.0	0.0	0.0	0.0	0.0	0.0	0.0	0.0	0.0	0.0	0.0	0.0	0.0	0.0	0.0
k__Bacteria; p__Proteobacteria; c__Gammaproteobacteria; o__Aeromonadales; f__Succinivibrionaceae; g__Succinivibrio	0.0	0.0	0.0	0.0	0.0	0.0	0.0	0.0	0.0	0.0	0.0	0.0	0.0	0.0	0.0	0.0	0.0	0.0	0.0	0.0	0.0	0.0	0.0	0.0	0.0	0.0	0.0	0.0	0.0	0.0	0.0	0.0	0.0	0.0	0.0	0.0	0.0	0.0	0.0	0.0	0.0	0.00025	0.0	0.0	0.0	0.0	0.0
k__Bacteria; p__Proteobacteria; c__Gammaproteobacteria; o__Enterobacteriales; f__Enterobacteriaceae; g__	0.178	0.837	0.1245	0.03125	0.01875	0.0485	0.41925	0.0065	0.0185	0.0265	0.003	0.001	0.186	0.00075	0.0015	0.38625	0.0245	0.01575	0.47225	0.1115	0.07425	0.002	0.03025	0.01475	0.0015	0.00125	0.00975	0.0355	0.001	0.017	0.0255	0.00825	0.00225	0.021	0.0655	0.1975	0.00575	0.0255	0.01025	0.00175	0.96225	0.0285	0.068	0.3715	0.50575	0.13025	0.196
k__Bacteria; p__Proteobacteria; c__Gammaproteobacteria; o__Enterobacteriales; f__Enterobacteriaceae; g__Citrobacter	0.0	0.00225	0.0	0.0	0.0	0.0	0.0	0.0	0.0	0.0	0.0	0.0	0.00025	0.0	0.0	0.0	0.0	0.0	0.0	0.0	0.0	0.0	0.0	0.0	0.0	0.0	0.0005	0.0	0.00025	0.0	0.0	0.0	0.0	0.0	0.0	0.0	0.0	0.00025	0.0	0.0	0.0	0.0	0.0	0.0	0.0	0.0	0.0
k__Bacteria; p__Proteobacteria; c__Gammaproteobacteria; o__Enterobacteriales; f__Enterobacteriaceae; g__Erwinia	0.0	0.02475	0.005	0.0	0.0	0.0	0.0005	0.0	0.0	0.0	0.0	0.0	0.0	0.0	0.0	0.0	0.0	0.0	0.0	0.0	0.00025	0.0	0.0	0.0	0.0	0.0	0.0	0.0	0.0	0.0	0.0	0.0	0.0	0.0	0.0	0.0	0.0	0.0	0.0	0.0	0.00025	0.0	0.0	0.0	0.0	0.0	0.00025
k__Bacteria; p__Proteobacteria; c__Gammaproteobacteria; o__Enterobacteriales; f__Enterobacteriaceae; g__Klebsiella	0.0	0.005	0.0	0.00025	0.0	0.0	0.00225	0.0	0.0	0.00025	0.0	0.0	0.00025	0.0	0.0	0.0	0.0	0.0	0.0	0.0	0.00025	0.0	0.0	0.0	0.0	0.0	0.002	0.0	0.0	0.0	0.0	0.0	0.0055	0.0	0.0	0.0	0.0	0.0	0.0	0.0	0.005	0.0	0.0	0.0	0.00025	0.00075	0.00125
k__Bacteria; p__Proteobacteria; c__Gammaproteobacteria; o__Enterobacteriales; f__Enterobacteriaceae; g__Proteus	0.0	0.00025	0.0	0.0	0.0	0.0	0.0	0.0	0.0	0.0	0.0	0.0	0.0	0.0	0.0	0.0	0.0	0.0	0.0	0.0	0.0	0.0	0.0	0.0	0.0	0.0	0.0	0.0	0.0	0.0	0.0	0.0	0.0	0.0	0.0	0.0	0.0	0.0	0.0	0.0	0.0	0.0	0.0	0.0	0.0	0.0	0.0
k__Bacteria; p__Proteobacteria; c__Gammaproteobacteria; o__Enterobacteriales; f__Enterobacteriaceae; g__Salmonella	0.0	0.0015	0.0	0.0	0.0	0.0	0.00025	0.0	0.0	0.0	0.0	0.0	0.00075	0.0	0.0	0.0	0.0	0.0	0.0	0.0	0.0	0.0	0.0	0.0	0.0	0.0	0.0	0.0	0.0	0.0	0.0	0.0	0.0	0.0	0.0	0.0	0.0	0.0	0.0	0.0	0.0	0.0	0.0	0.0	0.0	0.0	0.0
k__Bacteria; p__Proteobacteria; c__Gammaproteobacteria; o__Enterobacteriales; f__Enterobacteriaceae; g__Serratia	0.00025	0.0	0.0	0.0	0.0005	0.0	0.0	0.0	0.0	0.0	0.0	0.0	0.0	0.0	0.0	0.0	0.0	0.0	0.0	0.0	0.0	0.0	0.0	0.0	0.0	0.0	0.0	0.0	0.0	0.0	0.0	0.0	0.0	0.0	0.00025	0.0	0.0	0.0	0.0	0.0	0.0	0.0	0.0	0.0	0.0	0.0	0.0
k__Bacteria; p__Proteobacteria; c__Gammaproteobacteria; o__Enterobacteriales; f__Enterobacteriaceae; g__Trabulsiella	0.0	0.00025	0.0	0.0	0.0	0.0	0.0	0.0	0.0	0.0	0.0	0.0	0.0	0.0	0.0	0.0	0.0	0.0	0.0	0.0	0.0	0.0	0.0	0.0	0.0	0.0	0.0	0.0	0.0	0.0	0.0	0.0	0.0	0.0	0.0	0.0	0.0	0.0	0.0	0.0	0.0	0.0	0.0	0.0	0.0	0.0	0.0
k__Bacteria; p__Proteobacteria; c__Gammaproteobacteria; o__Pasteurellales; f__Pasteurellaceae; g__Aggregatibacter	0.0	0.0	0.0	0.0	0.0	0.00025	0.0	0.0	0.0	0.0	0.0	0.0	0.0	0.0	0.0005	0.0	0.0	0.0	0.0	0.0	0.0	0.0	0.0	0.0	0.0	0.0	0.0	0.0	0.0	0.0	0.0	0.0	0.0	0.0	0.0	0.0	0.0	0.0	0.00025	0.0	0.0	0.0	0.0	0.0	0.0	0.0	0.0
k__Bacteria; p__Proteobacteria; c__Gammaproteobacteria; o__Pasteurellales; f__Pasteurellaceae; g__Haemophilus	0.0	0.0	0.00025	0.0025	0.0	0.00625	0.0005	0.0	0.0005	0.0005	0.0	0.0	0.0	0.0	0.0005	0.0	0.0025	0.0	0.00025	0.0	0.0	0.001	0.0	0.00025	0.0	0.00075	0.0	0.0	0.0	0.00025	0.0005	0.0	0.0	0.0	0.0	0.0	0.0	0.00425	0.0155	0.00025	0.0	0.00175	0.0015	0.0	0.0	0.0	0.0
k__Bacteria; p__Proteobacteria; c__Gammaproteobacteria; o__Pseudomonadales; f__Moraxellaceae; g__	0.00025	0.0	0.0	0.0	0.0	0.0	0.0	0.0	0.0	0.0	0.0	0.0	0.0	0.0	0.0	0.0	0.0	0.0	0.0	0.0	0.0	0.0	0.0	0.0	0.0	0.0	0.0005	0.0	0.0	0.0	0.0	0.0	0.0	0.0	0.0	0.0	0.0	0.0	0.0	0.0	0.0	0.0	0.0	0.0	0.0	0.0	0.0
k__Bacteria; p__Proteobacteria; c__Gammaproteobacteria; o__Pseudomonadales; f__Moraxellaceae; g__Acinetobacter	0.00025	0.0005	0.0	0.0	0.00025	0.00025	0.00025	0.0	0.0	0.0	0.0	0.0	0.0	0.0	0.0	0.00025	0.0	0.00025	0.00025	0.00025	0.0005	0.00025	0.00075	0.0	0.0	0.00025	0.0	0.0	0.00025	0.0	0.0	0.00025	0.0	0.00025	0.0	0.00025	0.0	0.0	0.00025	0.0	0.00025	0.00275	0.00125	0.00125	0.00125	0.00025	0.0
k__Bacteria; p__Proteobacteria; c__Gammaproteobacteria; o__Pseudomonadales; f__Pseudomonadaceae; g__Pseudomonas	0.0	0.0	0.0	0.0	0.0	0.0	0.0	0.0	0.0	0.0	0.0	0.0	0.0	0.0	0.0	0.0	0.0	0.0	0.0	0.0	0.0	0.0005	0.0	0.0	0.0	0.0	0.0	0.0	0.0	0.0	0.0	0.0	0.0	0.0	0.0	0.0	0.0	0.0	0.0	0.0	0.0	0.0	0.0	0.0	0.0	0.0	0.0
k__Bacteria; p__Proteobacteria; c__Gammaproteobacteria; o__Vibrionales; f__Vibrionaceae; g__	0.0005	0.00025	0.0005	0.0	0.00025	0.00025	0.00425	0.0	0.0	0.00075	0.0	0.0	0.00025	0.0	0.00025	0.00425	0.0	0.0005	0.0055	0.00025	0.00075	0.0	0.00075	0.00025	0.0	0.0	0.0	0.0	0.0	0.0	0.0	0.0	0.0	0.0005	0.0005	0.001	0.00025	0.00025	0.0	0.0	0.0	0.00025	0.0005	0.003	0.004	0.0	0.00025
k__Bacteria; p__Synergistetes; c__Synergistia; o__Synergistales; f__Dethiosulfovibrionaceae; g__Pyramidobacter	0.0	0.0	0.0	0.0	0.0	0.0	0.0	0.0	0.0	0.0	0.0	0.0	0.0	0.0	0.0	0.0	0.0	0.0005	0.0	0.0	0.0	0.00025	0.0005	0.00075	0.0	0.0	0.0	0.0	0.0	0.00025	0.0	0.0	0.0	0.0	0.0	0.0	0.0	0.0	0.0	0.0	0.0	0.0	0.0	0.0	0.0	0.0	0.0
k__Bacteria; p__TM7; c__; o__; f__; g__	0.0	0.0	0.0	0.0	0.0	0.0	0.0	0.0	0.0	0.0	0.0	0.0	0.0	0.0	0.0	0.0	0.0	0.0	0.0	0.0	0.0	0.0	0.0	0.0	0.0	0.0	0.0	0.0	0.0	0.0	0.00125	0.0	0.0	0.0	0.0	0.0	0.0	0.0	0.0	0.0	0.0	0.00025	0.0	0.0	0.0	0.0	0.0
k__Bacteria; p__TM7; c__TM7-3; o__; f__; g__	0.0	0.0	0.0	0.00025	0.00025	0.0	0.0	0.0	0.0	0.0	0.0	0.0	0.0	0.00025	0.00025	0.0	0.0	0.0	0.00025	0.0	0.0	0.00025	0.00025	0.0	0.0	0.0	0.0	0.0	0.0	0.00025	0.0	0.0	0.0	0.0	0.0	0.0	0.0005	0.0	0.0	0.00025	0.0	0.0005	0.0	0.0	0.0	0.0	0.0
k__Bacteria; p__TM7; c__TM7-3; o__CW040; f__; g__	0.0	0.0	0.0	0.0	0.0	0.0	0.0	0.0	0.0	0.0	0.0	0.0	0.0	0.0	0.0	0.0	0.0	0.0	0.0	0.0	0.0	0.0	0.0	0.0	0.0	0.0	0.0	0.0	0.0	0.0	0.0	0.0	0.0	0.0	0.0	0.0	0.0005	0.0	0.0	0.0	0.0	0.0	0.0	0.0	0.0	0.0	0.0
k__Bacteria; p__Tenericutes; c__Mollicutes; o__Anaeroplasmatales; f__Anaeroplasmataceae; g__	0.0	0.0	0.0	0.0	0.0	0.0	0.0	0.0	0.0	0.0	0.00025	0.0	0.0	0.0	0.0	0.0	0.0	0.0	0.0	0.0	0.0	0.0	0.0005	0.0	0.0	0.0	0.0	0.0	0.0	0.0	0.0	0.0	0.0	0.0	0.0535	0.00025	0.0	0.0	0.0	0.0	0.0	0.0	0.0	0.0	0.02925	0.0	0.0
k__Bacteria; p__Tenericutes; c__Mollicutes; o__RF39; f__; g__	0.0	0.0	0.0	0.0	0.004	0.0	0.0	0.00025	0.0	0.0	0.0	0.0	0.0	0.0	0.00725	0.0	0.0	0.012	0.0	0.0	0.0	0.01175	0.0	0.0005	0.0	0.0	0.002	0.0	0.0	0.00075	0.00325	0.0	0.0	0.0	0.0	0.0	0.0	0.0	0.0	0.0	0.0	0.0005	0.0	0.0	0.0	0.0	0.0
k__Bacteria; p__Tenericutes; c__RF3; o__ML615J-28; f__; g__	0.0	0.0	0.0	0.0	0.002	0.0	0.0	0.0	0.0	0.0	0.0	0.01525	0.0	0.0	0.00275	0.0	0.00075	0.0	0.00075	0.0	0.0	0.00475	0.0	0.0	0.0	0.0	0.00025	0.0	0.0	0.00025	0.0005	0.0	0.0	0.0	0.0	0.00025	0.0	0.0	0.0	0.0	0.0	0.0	0.0	0.0	0.0	0.0	0.0
k__Bacteria; p__Verrucomicrobia; c__Verrucomicrobiae; o__Verrucomicrobiales; f__Verrucomicrobiaceae; g__Akkermansia	0.0005	0.0	0.0	0.0005	0.06675	0.00675	0.0	0.00575	0.0005	0.0005	0.0525	0.0425	0.0	0.07175	0.0485	0.0055	0.01375	0.02175	0.0095	0.00025	0.00025	0.04725	0.003	0.057	0.0945	0.0735	0.13175	0.0005	0.0085	0.01025	0.0	0.0	0.0025	0.0	0.00025	0.0	0.0	0.1	0.0	0.00075	0.0	0.00775	0.0	0.0135	0.001	0.0	0.0
