Taxon	1.49.1	1.203.2	2.55.2	2.55.1	2.26.1	1.155.2	2.52.2	1.49.2	2.52.1	1.506.2	1.97.1	1.7.1	1.68.1	1.97.2	1.511.2	1.121.2	2.510.2	2.503.1	2.510.1	1.153.2	2.503.2	2.79.2	1.68.2	1.506.1	1.7.2	1.72.1	2.79.1	2.157.2	1.511.1	1.121.1	1.153.1	2.504.1	2.26.2	2.25.2	2.199.1	2.504.2	2.25.1	2.76.1	2.76.2	1.72.2	2.45.1	1.203.1	2.45.2	1.155.1	2.199.2	1.507.1	1.507.2
k__Archaea; p__Euryarchaeota; c__Methanobacteria; o__Methanobacteriales	0.0	0.0	0.0	0.0	0.0	0.00175	0.0	0.0	0.0	0.0	0.01675	0.0	0.0	0.00225	0.0	0.0	0.001	0.0	0.00175	0.0	0.0	0.00175	0.0	0.0	0.0	0.0	0.0015	0.0	0.0	0.0	0.0	0.0	0.0	0.0	0.0005	0.0	0.0	0.00025	0.0	0.00225	0.0	0.0	0.0	0.04725	0.00375	0.0	0.0
k__Bacteria; p__Actinobacteria; c__Actinobacteria; o__Actinomycetales	0.00025	0.0	0.0	0.0	0.0	0.0	0.0	0.0	0.0	0.0	0.0	0.0	0.0	0.0	0.0	0.00025	0.0	0.0	0.0	0.0	0.0	0.00025	0.0	0.00025	0.0	0.0	0.0	0.00025	0.0	0.00025	0.0	0.0	0.0	0.0	0.0	0.0	0.00025	0.0	0.0	0.00025	0.00025	0.00375	0.0	0.00025	0.0	0.0	0.00025
k__Bacteria; p__Actinobacteria; c__Actinobacteria; o__Bifidobacteriales	0.0005	0.0025	0.004	0.01775	0.0175	0.0295	0.00475	0.004	0.01	0.0165	0.04975	0.0125	0.0	0.03725	0.00425	0.0375	0.003	0.013	0.05375	0.0155	0.0	0.00625	0.0	0.01825	0.0075	0.01	0.01425	0.0045	0.0005	0.01375	0.001	0.0005	0.0005	0.0025	0.0045	0.00025	0.10125	0.01175	0.00375	0.08	0.0	0.1095	0.00025	0.1405	0.1485	0.001	0.0015
k__Bacteria; p__Actinobacteria; c__Coriobacteriia; o__Coriobacteriales	0.00075	0.0	0.0	0.0015	0.0055	0.0035	0.004	0.0055	0.0005	0.00225	0.007	0.013	0.0035	0.006	0.00875	0.00575	0.0	0.0015	0.00775	0.00075	0.00025	0.00175	0.0265	0.009	0.00075	0.001	0.00125	0.00025	0.0005	0.0015	0.00025	0.0	0.0	0.00075	0.0	0.00025	0.00625	0.0005	0.0	0.00175	0.0	0.02075	0.0	0.003	0.00225	0.0	0.00025
k__Bacteria; p__Bacteroidetes; c__Bacteroidia; o__Bacteroidales	0.461	0.00075	0.70775	0.5955	0.05025	0.15125	0.15625	0.5275	0.2685	0.72325	0.31775	0.36	0.53375	0.0815	0.44325	0.061	0.48675	0.476	0.1465	0.6365	0.76375	0.30925	0.23975	0.532	0.6205	0.18325	0.3665	0.722	0.74825	0.12	0.6805	0.8575	0.7285	0.845	0.77475	0.54175	0.27975	0.6335	0.792	0.195	0.00025	0.0295	0.00275	0.0685	0.095	0.79175	0.6865
k__Bacteria; p__Cyanobacteria; c__4C0d-2; o__YS2	0.00325	0.0	0.0	0.0	0.0	0.0	0.0	0.00225	0.0	0.0	0.0	0.00025	0.0	0.032	0.0	0.0	0.0	0.0	0.0	0.0	0.0	0.0	0.0	0.0	0.0	0.0	0.0	0.0	0.0	0.0	0.01125	0.0	0.0	0.0	0.0	0.0	0.0	0.00075	0.0	0.0	0.0	0.0	0.0	0.0	0.0	0.0	0.0
k__Bacteria; p__Cyanobacteria; c__Chloroplast; o__Streptophyta	0.00125	0.00025	0.0	0.0	0.00025	0.0	0.0	0.0	0.0	0.0	0.0	0.0	0.0	0.0	0.0	0.0	0.0	0.00025	0.0	0.0	0.0	0.0	0.0005	0.00025	0.0	0.00025	0.0	0.0	0.0	0.0	0.0	0.0	0.0	0.0	0.0	0.0	0.0	0.0	0.00025	0.00025	0.00025	0.001	0.0	0.0	0.0005	0.0	0.0
k__Bacteria; p__Firmicutes; c__Bacilli; o__Bacillales	0.0	0.00125	0.0	0.0	0.00275	0.001	0.001	0.0	0.0015	0.00025	0.0	0.0	0.0	0.0005	0.0	0.001	0.00025	0.00075	0.0	0.00125	0.0005	0.0005	0.00225	0.0	0.00025	0.0	0.0005	0.0005	0.0	0.00075	0.00025	0.0	0.0	0.00075	0.00025	0.00075	0.00125	0.0	0.0	0.00075	0.00025	0.00625	0.00125	0.00125	0.00175	0.0005	0.00025
k__Bacteria; p__Firmicutes; c__Bacilli; o__Gemellales	0.0	0.0	0.0	0.0	0.0	0.0	0.0	0.0	0.0	0.0	0.0	0.0	0.0	0.0	0.0	0.0	0.0	0.00025	0.0	0.0	0.0	0.00025	0.00025	0.0	0.0	0.0	0.0	0.0	0.00025	0.00025	0.0	0.0	0.0	0.0	0.0	0.0	0.00025	0.0	0.0	0.0	0.0	0.00025	0.0	0.0	0.0	0.0	0.0
k__Bacteria; p__Firmicutes; c__Bacilli; o__Lactobacillales	0.00275	0.087	0.00025	0.01475	0.00175	0.00075	0.01275	0.00025	0.0005	0.0035	0.0145	0.00275	0.01425	0.0045	0.00725	0.00875	0.001	0.0055	0.0005	0.00225	0.00025	0.00925	0.01225	0.0015	0.003	0.00075	0.0	0.00025	0.00025	0.013	0.0005	0.0	0.0	0.00075	0.00025	0.0005	0.00675	0.00225	0.002	0.00075	0.02925	0.078	0.1535	0.0005	0.0005	0.00225	0.00725
k__Bacteria; p__Firmicutes; c__Bacilli; o__Turicibacterales	0.0	0.0	0.0	0.00025	0.0	0.0	0.0	0.00025	0.0	0.0005	0.0	0.0	0.0	0.0	0.00025	0.0	0.00025	0.0	0.0	0.0	0.0	0.0005	0.0	0.00025	0.0	0.00175	0.0	0.0	0.0	0.0	0.0	0.0	0.0	0.0	0.0	0.0	0.0	0.0	0.0	0.0	0.0	0.0	0.0	0.0	0.0	0.0	0.0
k__Bacteria; p__Firmicutes; c__Clostridia; o__	0.0	0.0	0.0	0.0	0.0	0.0	0.0	0.0	0.0	0.0	0.0	0.0	0.0	0.0	0.0	0.0	0.0	0.0	0.0	0.0	0.0	0.0	0.0	0.0	0.0	0.0	0.0	0.0	0.0	0.0	0.00025	0.0	0.0	0.0	0.0	0.0	0.0	0.0	0.0	0.0	0.0	0.0	0.0	0.0	0.0	0.0	0.0
k__Bacteria; p__Firmicutes; c__Clostridia; o__Clostridiales	0.306	0.03625	0.1365	0.327	0.80725	0.73675	0.36875	0.4265	0.6575	0.2225	0.44725	0.5245	0.2405	0.73675	0.435	0.47825	0.43575	0.4415	0.2385	0.206	0.1585	0.5785	0.60075	0.3355	0.243	0.716	0.447	0.22375	0.2235	0.796	0.2395	0.13025	0.25675	0.118	0.08825	0.25475	0.5205	0.21425	0.13825	0.69275	0.002	0.6945	0.613	0.3445	0.18925	0.057	0.08
k__Bacteria; p__Firmicutes; c__Clostridia; o__SHA-98	0.0	0.0	0.0	0.0	0.0	0.0	0.0	0.00025	0.0	0.0	0.0	0.00025	0.0	0.0	0.00075	0.0	0.0	0.0	0.0	0.0	0.0	0.0	0.0	0.0	0.0	0.0	0.0	0.0	0.0	0.0	0.0	0.0	0.0	0.0	0.0	0.0	0.0	0.0	0.0	0.0	0.0	0.0	0.0	0.0	0.0	0.0	0.0
k__Bacteria; p__Firmicutes; c__Erysipelotrichi; o__Erysipelotrichales	0.0255	0.00025	0.008	0.00325	0.02	0.00475	0.02425	0.0055	0.004	0.00125	0.08925	0.0095	0.0115	0.02525	0.00425	0.01025	0.00925	0.00375	0.0575	0.01125	0.0005	0.01425	0.07375	0.004	0.013	0.01125	0.017	0.001	0.00425	0.02475	0.002	0.0015	0.0005	0.00075	0.003	0.002	0.07625	0.0015	0.0095	0.023	0.0	0.013	0.158	0.003	0.00425	0.00275	0.00425
k__Bacteria; p__Fusobacteria; c__Fusobacteriia; o__Fusobacteriales	0.0	0.0	0.0	0.0	0.0	0.0	0.0	0.0	0.0	0.0	0.0	0.0	0.0	0.0	0.0	0.0	0.0	0.0	0.0	0.0	0.0	0.0	0.0	0.0	0.0	0.0	0.0	0.0	0.0	0.0	0.00025	0.0	0.0	0.0	0.0	0.0	0.0	0.0	0.0	0.0	0.0	0.0	0.0	0.0	0.0	0.0	0.0
k__Bacteria; p__Lentisphaerae; c__[Lentisphaeria]; o__Victivallales	0.0	0.0	0.0	0.0	0.0	0.0	0.0	0.0	0.0	0.0	0.0	0.0	0.0	0.0	0.0	0.0	0.007	0.0	0.00025	0.0	0.0	0.0	0.0	0.0	0.00025	0.0	0.00025	0.0025	0.0	0.0	0.0	0.0	0.0	0.0005	0.0	0.0	0.0	0.0	0.0	0.0	0.0	0.0	0.0	0.0	0.0	0.0	0.0
k__Bacteria; p__Proteobacteria; c__Alphaproteobacteria; o__	0.0	0.0	0.0	0.0	0.0	0.0	0.0	0.0	0.0	0.0	0.0	0.0	0.0	0.0	0.0	0.0	0.0	0.0	0.0	0.0	0.0	0.00475	0.0	0.0	0.0	0.0	0.0	0.0	0.0	0.0	0.0	0.0	0.0	0.0	0.0	0.0	0.0	0.0	0.0	0.0	0.0	0.0	0.0	0.0	0.0	0.0	0.0
k__Bacteria; p__Proteobacteria; c__Alphaproteobacteria; o__RF32	0.0	0.0	0.0	0.0	0.00175	0.00475	0.0	0.00025	0.00025	0.0	0.0	0.00225	0.0	0.0	0.005	0.0	0.0	0.0	0.0	0.0	0.0	0.00025	0.0	0.0045	0.0	0.0	0.0	0.0	0.0055	0.0	0.0095	0.0	0.0	0.0	0.0	0.0	0.0	0.001	0.0	0.0	0.0	0.0	0.0	0.001	0.0	0.0	0.0
k__Bacteria; p__Proteobacteria; c__Alphaproteobacteria; o__Rhizobiales	0.0	0.0	0.0	0.0	0.0	0.0	0.0	0.0	0.0	0.0	0.0	0.0	0.0	0.0	0.0	0.0	0.0	0.0	0.0	0.0	0.0	0.0	0.0	0.0	0.0	0.0	0.0	0.0	0.0	0.0	0.0	0.0	0.0	0.0	0.0	0.0	0.0	0.0	0.0	0.0	0.0	0.00025	0.0	0.0	0.0	0.0	0.0
k__Bacteria; p__Proteobacteria; c__Alphaproteobacteria; o__Rickettsiales	0.00025	0.0	0.0	0.0	0.0	0.0	0.0	0.0	0.0	0.0	0.0	0.0	0.0	0.0	0.0	0.0	0.0	0.00025	0.0	0.0	0.0	0.0	0.00025	0.0	0.0	0.0	0.0	0.0	0.0	0.0	0.0	0.0	0.0	0.0	0.0	0.0	0.0	0.0	0.0	0.0	0.0	0.0	0.0	0.0	0.0	0.0	0.0
k__Bacteria; p__Proteobacteria; c__Betaproteobacteria; o__Burkholderiales	0.01575	0.0	0.01325	0.00525	0.0	0.00325	0.001	0.01325	0.03775	0.001	0.001	0.0085	0.0085	0.001	0.02875	0.0005	0.0085	0.004	0.00325	0.013	0.0	0.004	0.00725	0.016	0.01125	0.0	0.00375	0.00875	0.00675	0.00075	0.01775	0.0	0.00325	0.008	0.0075	0.0	0.0005	0.004	0.02725	0.00025	0.0	0.0005	0.0	0.00025	0.0125	0.01025	0.018
k__Bacteria; p__Proteobacteria; c__Betaproteobacteria; o__Neisseriales	0.0	0.0	0.0	0.0	0.0	0.0	0.0	0.0	0.0	0.0	0.0	0.0	0.0	0.0	0.0	0.0	0.0	0.0	0.0	0.0	0.0	0.0	0.0	0.0	0.0	0.0	0.0	0.0	0.0	0.0	0.0	0.0	0.0	0.0	0.0	0.0	0.0	0.0	0.0005	0.0	0.0	0.0	0.0	0.0	0.0	0.0	0.0
k__Bacteria; p__Proteobacteria; c__Deltaproteobacteria; o__Desulfovibrionales	0.003	0.0	0.0	0.0	0.0	0.0005	0.0	0.002	0.0	0.0005	0.00075	0.00775	0.0005	0.00025	0.001	0.0005	0.00575	0.00225	0.0015	0.00125	0.0	0.0	0.0005	0.005	0.0045	0.0	0.00125	0.00025	0.00025	0.0	0.0055	0.00175	0.0	0.00125	0.001	0.0005	0.0	0.0	0.00025	0.0	0.0	0.00025	0.0	0.00075	0.00025	0.00325	0.004
k__Bacteria; p__Proteobacteria; c__Epsilonproteobacteria; o__Campylobacterales	0.0	0.0	0.0	0.0	0.00025	0.0	0.0	0.0	0.0	0.0	0.0	0.0	0.0	0.0	0.0	0.0	0.0	0.00025	0.0	0.0	0.0	0.0005	0.0	0.0	0.0	0.0	0.0	0.0	0.0	0.0	0.0005	0.0	0.00025	0.0	0.0	0.0	0.0	0.0	0.0	0.0	0.0	0.0	0.0	0.0	0.0	0.0	0.0
k__Bacteria; p__Proteobacteria; c__Gammaproteobacteria; o__Aeromonadales	0.0	0.0	0.0	0.0	0.0	0.0	0.0	0.0	0.0	0.0	0.00025	0.0	0.0	0.0	0.0	0.0	0.0	0.0	0.0	0.0	0.0	0.0	0.0	0.0	0.0	0.0	0.0	0.0	0.0	0.0	0.0	0.0	0.0	0.0	0.0	0.0	0.0	0.0	0.0	0.0	0.0	0.00025	0.0	0.0	0.0	0.0	0.0
k__Bacteria; p__Proteobacteria; c__Gammaproteobacteria; o__Enterobacteriales	0.17825	0.871	0.1295	0.0315	0.01925	0.0485	0.42225	0.0065	0.0185	0.02675	0.003	0.001	0.18725	0.00075	0.0015	0.38625	0.0245	0.01575	0.47225	0.1115	0.07475	0.002	0.03025	0.01475	0.0015	0.00125	0.01225	0.0355	0.00125	0.017	0.0255	0.00825	0.00775	0.021	0.06575	0.1975	0.00575	0.02575	0.01025	0.00175	0.9675	0.0285	0.068	0.3715	0.506	0.131	0.1975
k__Bacteria; p__Proteobacteria; c__Gammaproteobacteria; o__Pasteurellales	0.0	0.0	0.00025	0.0025	0.0	0.0065	0.0005	0.0	0.0005	0.0005	0.0	0.0	0.0	0.0	0.001	0.0	0.0025	0.0	0.00025	0.0	0.0	0.001	0.0	0.00025	0.0	0.00075	0.0	0.0	0.0	0.00025	0.0005	0.0	0.0	0.0	0.0	0.0	0.0	0.00425	0.01575	0.00025	0.0	0.00175	0.0015	0.0	0.0	0.0	0.0
k__Bacteria; p__Proteobacteria; c__Gammaproteobacteria; o__Pseudomonadales	0.0005	0.0005	0.0	0.0	0.00025	0.00025	0.00025	0.0	0.0	0.0	0.0	0.0	0.0	0.0	0.0	0.00025	0.0	0.00025	0.00025	0.00025	0.0005	0.00075	0.00075	0.0	0.0	0.00025	0.0005	0.0	0.00025	0.0	0.0	0.00025	0.0	0.00025	0.0	0.00025	0.0	0.0	0.00025	0.0	0.00025	0.00275	0.00125	0.00125	0.00125	0.00025	0.0
k__Bacteria; p__Proteobacteria; c__Gammaproteobacteria; o__Vibrionales	0.0005	0.00025	0.0005	0.0	0.00025	0.00025	0.00425	0.0	0.0	0.00075	0.0	0.0	0.00025	0.0	0.00025	0.00425	0.0	0.0005	0.0055	0.00025	0.00075	0.0	0.00075	0.00025	0.0	0.0	0.0	0.0	0.0	0.0	0.0	0.0	0.0	0.0005	0.0005	0.001	0.00025	0.00025	0.0	0.0	0.0	0.00025	0.0005	0.003	0.004	0.0	0.00025
k__Bacteria; p__Synergistetes; c__Synergistia; o__Synergistales	0.0	0.0	0.0	0.0	0.0	0.0	0.0	0.0	0.0	0.0	0.0	0.0	0.0	0.0	0.0	0.0	0.0	0.0005	0.0	0.0	0.0	0.00025	0.0005	0.00075	0.0	0.0	0.0	0.0	0.0	0.00025	0.0	0.0	0.0	0.0	0.0	0.0	0.0	0.0	0.0	0.0	0.0	0.0	0.0	0.0	0.0	0.0	0.0
k__Bacteria; p__TM7; c__; o__	0.0	0.0	0.0	0.0	0.0	0.0	0.0	0.0	0.0	0.0	0.0	0.0	0.0	0.0	0.0	0.0	0.0	0.0	0.0	0.0	0.0	0.0	0.0	0.0	0.0	0.0	0.0	0.0	0.0	0.0	0.00125	0.0	0.0	0.0	0.0	0.0	0.0	0.0	0.0	0.0	0.0	0.00025	0.0	0.0	0.0	0.0	0.0
k__Bacteria; p__TM7; c__TM7-3; o__	0.0	0.0	0.0	0.00025	0.00025	0.0	0.0	0.0	0.0	0.0	0.0	0.0	0.0	0.00025	0.00025	0.0	0.0	0.0	0.00025	0.0	0.0	0.00025	0.00025	0.0	0.0	0.0	0.0	0.0	0.0	0.00025	0.0	0.0	0.0	0.0	0.0	0.0	0.0005	0.0	0.0	0.00025	0.0	0.0005	0.0	0.0	0.0	0.0	0.0
k__Bacteria; p__TM7; c__TM7-3; o__CW040	0.0	0.0	0.0	0.0	0.0	0.0	0.0	0.0	0.0	0.0	0.0	0.0	0.0	0.0	0.0	0.0	0.0	0.0	0.0	0.0	0.0	0.0	0.0	0.0	0.0	0.0	0.0	0.0	0.0	0.0	0.0	0.0	0.0	0.0	0.0	0.0	0.0005	0.0	0.0	0.0	0.0	0.0	0.0	0.0	0.0	0.0	0.0
k__Bacteria; p__Tenericutes; c__Mollicutes; o__Anaeroplasmatales	0.0	0.0	0.0	0.0	0.0	0.0	0.0	0.0	0.0	0.0	0.00025	0.0	0.0	0.0	0.0	0.0	0.0	0.0	0.0	0.0	0.0	0.0	0.0005	0.0	0.0	0.0	0.0	0.0	0.0	0.0	0.0	0.0	0.0	0.0	0.0535	0.00025	0.0	0.0	0.0	0.0	0.0	0.0	0.0	0.0	0.02925	0.0	0.0
k__Bacteria; p__Tenericutes; c__Mollicutes; o__RF39	0.0	0.0	0.0	0.0	0.004	0.0	0.0	0.00025	0.0	0.0	0.0	0.0	0.0	0.0	0.00725	0.0	0.0	0.012	0.0	0.0	0.0	0.01175	0.0	0.0005	0.0	0.0	0.002	0.0	0.0	0.00075	0.00325	0.0	0.0	0.0	0.0	0.0	0.0	0.0	0.0	0.0	0.0	0.0005	0.0	0.0	0.0	0.0	0.0
k__Bacteria; p__Tenericutes; c__RF3; o__ML615J-28	0.0	0.0	0.0	0.0	0.002	0.0	0.0	0.0	0.0	0.0	0.0	0.01525	0.0	0.0	0.00275	0.0	0.00075	0.0	0.00075	0.0	0.0	0.00475	0.0	0.0	0.0	0.0	0.00025	0.0	0.0	0.00025	0.0005	0.0	0.0	0.0	0.0	0.00025	0.0	0.0	0.0	0.0	0.0	0.0	0.0	0.0	0.0	0.0	0.0
k__Bacteria; p__Verrucomicrobia; c__Verrucomicrobiae; o__Verrucomicrobiales	0.0005	0.0	0.0	0.0005	0.06675	0.00675	0.0	0.00575	0.0005	0.0005	0.0525	0.0425	0.0	0.07175	0.0485	0.0055	0.01375	0.02175	0.0095	0.00025	0.00025	0.04725	0.003	0.057	0.0945	0.0735	0.13175	0.0005	0.0085	0.01025	0.0	0.0	0.0025	0.0	0.00025	0.0	0.0	0.1	0.0	0.00075	0.0	0.00775	0.0	0.0135	0.001	0.0	0.0
